"baseMean" "log2FoldChange" "lfcSE" "stat" "pvalue" "padj"
"TRINITY_DN1_c0_g1_i3" 1527.90639953363 -0.930756605535132 0.159698361384272 -5.82821637909928 5.60229097841836e-09 1.39683788395231e-06
"TRINITY_DN10098_c0_g1_i2" 427.537747995387 -0.950534699649448 0.24377342197136 -3.89925485708251 9.64891720339493e-05 0.00458246988453296
"TRINITY_DN1016_c0_g1_i1" 157.811656175913 -2.18082004175388 0.425665389426171 -5.12332009114902 3.002020790574e-07 3.66614130832547e-05
"TRINITY_DN1020_c0_g1_i1" 588.744286958875 1.37419641184605 0.381527256538022 3.60183024488344 0.000315984683714551 0.00960125124320063
"TRINITY_DN10318_c0_g1_i1" 1579.36974899916 -0.560590356764745 0.166280973094359 -3.37134397479517 0.000748023965481951 0.0176227378324567
"TRINITY_DN1050_c0_g1_i1" 44107.5277153786 -0.486880975551366 0.162571027142622 -2.99488158566059 0.00274551404439369 0.0424902135334136
"TRINITY_DN1052_c2_g2_i1" 442.586671333882 -3.06847247891939 0.521495088393968 -5.88399113857289 4.00489290422035e-09 1.06189562279107e-06
"TRINITY_DN1060_c0_g1_i2" 656.193976874491 0.776804955606046 0.244260376402072 3.18023318824075 0.00147156582981146 0.0275182810174743
"TRINITY_DN10610_c0_g1_i1" 207.891540079155 1.13225456705363 0.329894824917281 3.43216832012305 0.000598775804885985 0.0151108617294662
"TRINITY_DN10672_c0_g1_i1" 193.345468819913 1.40204495163888 0.329764892493714 4.25165014091247 2.12201176121519e-05 0.0013227206644908
"TRINITY_DN107_c0_g1_i9" 717.679484965794 0.963877727775016 0.310965930115383 3.09962486056712 0.00193765887741613 0.0335891497816606
"TRINITY_DN1076_c0_g1_i4" 280.957630022477 1.54614782866878 0.424440980911492 3.64278639010873 0.000269702644261791 0.00867688507130408
"TRINITY_DN1082_c0_g1_i2" 1387.84338425328 -0.693441142233802 0.163692625419549 -4.23623935688302 2.2729448243383e-05 0.00140219606482891
"TRINITY_DN1090_c3_g1_i1" 9135.61347256736 -1.03511965985359 0.266487245078709 -3.88431220994406 0.00010261997260622 0.00483525918169778
"TRINITY_DN1100_c1_g1_i1" 178.267842798906 -1.21012383092524 0.372387938748272 -3.24963218463222 0.00115554360736329 0.0232039360619528
"TRINITY_DN11036_c5_g1_i1" 79037.0623893194 -1.099609750502 0.255977102338978 -4.29573481555333 1.7411562293738e-05 0.0010967451449024
"TRINITY_DN11127_c0_g1_i1" 3250.15917967796 -0.389235512052941 0.126916535589185 -3.06686209362705 0.00216318632504597 0.0361007836985366
"TRINITY_DN1116_c0_g1_i5" 1230.03016811722 1.04514746675672 0.236785616498657 4.41389761004613 1.01525990215298e-05 0.000690376733464027
"TRINITY_DN1124_c0_g1_i1" 642.270188034398 -1.04695313360577 0.219615157139352 -4.76721710488064 1.86787998544946e-06 0.000180280545692412
"TRINITY_DN113_c0_g2_i7" 782.28705035544 -0.610586465509141 0.208714236588451 -2.92546630018878 0.00343940425790786 0.04900332161743
"TRINITY_DN1136_c0_g1_i1" 743.534465662805 -0.605267414126007 0.188527053386133 -3.21050694451966 0.00132501066873091 0.0252995502692526
"TRINITY_DN1139_c0_g1_i1" 2290.47747681161 0.397709400493961 0.134563897002828 2.95554312376671 0.0031211906034961 0.0464065803583738
"TRINITY_DN114_c0_g1_i2" 402253.866470439 -0.622234364703549 0.111186653624564 -5.59630445219262 2.18969040850107e-08 4.36770246815681e-06
"TRINITY_DN1140_c0_g1_i4" 421.274556408992 0.830660510397325 0.266385051882138 3.11826997997188 0.00181916078907182 0.0319980849466386
"TRINITY_DN116_c0_g1_i1" 933.696249828538 -0.733753877568951 0.248884038655521 -2.94817571079573 0.00319655319247142 0.0468827801562476
"TRINITY_DN1167_c0_g1_i3" 319.700633310832 1.65098162505804 0.317663506812239 5.1972656274738 2.02241278681714e-07 2.52127460756536e-05
"TRINITY_DN1167_c0_g1_i7" 182.915368100637 -4.75511945788332 0.577717423195114 -8.23087424226319 1.85852004659168e-16 1.58876913697209e-13
"TRINITY_DN11674_c0_g1_i1" 17427.0373398079 -0.644969243580196 0.186926446161672 -3.45039055106394 0.000559776096051954 0.0146275116103707
"TRINITY_DN11721_c0_g1_i1" 3243.63594000483 -1.51926115964118 0.223914206802096 -6.78501458812732 1.160747818936e-11 5.78826245709417e-09
"TRINITY_DN1191_c0_g1_i1" 734.199523129234 0.637416866065378 0.186617892986058 3.41562567161232 0.00063635658213524 0.0159314323897823
"TRINITY_DN1202_c0_g1_i1" 702.117461531892 -0.771821742946488 0.208232504560834 -3.70653824951236 0.00021011151608289 0.00761622058199706
"TRINITY_DN12115_c1_g1_i1" 10746.762559037 -0.370378252245019 0.112136482053079 -3.30292377167407 0.000956823939985889 0.0206701604941356
"TRINITY_DN12172_c0_g1_i1" 341.352754039627 -1.19850922046592 0.358685876009088 -3.34138950159151 0.000833601900785686 0.0190591427699791
"TRINITY_DN12172_c0_g1_i2" 1006.40965708736 -0.95652793500055 0.176984997857072 -5.40457070702126 6.49637936004736e-08 1.02300879185588e-05
"TRINITY_DN1232_c0_g1_i1" 984.319844699331 -0.866813008631707 0.189734870594637 -4.56854876446843 4.91112815075252e-06 0.000386686721764514
"TRINITY_DN1232_c0_g1_i2" 192.507288823895 1.61711055578535 0.485906252803303 3.32802993675399 0.000874624672690139 0.0195289329902156
"TRINITY_DN1242_c0_g1_i10" 308.436081607403 1.27881398703807 0.276086152939256 4.63193815924348 3.62258369687769e-06 0.000309679154887372
"TRINITY_DN12443_c0_g1_i1" 5973.19002762865 -0.638360880985619 0.187847713416085 -3.39828933435906 0.000678086643268271 0.0164278156814467
"TRINITY_DN1246_c0_g1_i1" 1124.12666089258 0.661020840947934 0.173312142401865 3.8140480625714 0.000136708862927676 0.00577775939026796
"TRINITY_DN1249_c0_g1_i5" 1351.90509242645 0.967327087440772 0.209477686259827 4.61780490663308 3.87820598306178e-06 0.000318418218197234
"TRINITY_DN1257_c0_g2_i2" 775.13350838283 0.994498323574191 0.181951897940293 5.46572107700977 4.61028793802107e-08 7.88227514889088e-06
"TRINITY_DN1257_c0_g2_i3" 608.782940922186 2.01455749979965 0.603329445791841 3.33906709485336 0.000840602583689199 0.0190680065896241
"TRINITY_DN1282_c0_g2_i2" 2509.20800370872 0.419346044541159 0.136996176393426 3.06100546439253 0.00220595068459167 0.0362934462249381
"TRINITY_DN130_c0_g1_i3" 263.867738410552 1.37771749533557 0.409467068539536 3.36466006961082 0.000766380154508829 0.0179843876258072
"TRINITY_DN1301_c0_g1_i2" 237.54137689029 -1.15595795786283 0.302999377150028 -3.81505060748182 0.00013615502719257 0.00577775939026796
"TRINITY_DN13046_c3_g1_i1" 1848.06044238856 -0.571556939515457 0.161988731150234 -3.52837469283821 0.000418119854068716 0.0118579583258161
"TRINITY_DN1310_c0_g1_i5" 168.041010581052 1.63651319776751 0.55754621505215 2.93520636242582 0.00333325927571895 0.0481311464734143
"TRINITY_DN13179_c3_g1_i7" 3805.32179998117 -0.764208992705522 0.212301193005947 -3.59964530526267 0.00031865153434926 0.00960125124320063
"TRINITY_DN1340_c0_g1_i1" 160.516992121992 -1.13666944754475 0.368751249784423 -3.08248296977778 0.00205281476208645 0.0351978324823075
"TRINITY_DN137_c0_g1_i1" 209.374148296169 0.999878134151429 0.332857543784704 3.00392210668406 0.00266523551155613 0.0417507049768374
"TRINITY_DN1382_c0_g1_i1" 409.225770981757 -1.02407405154008 0.294738231339862 -3.47452058351811 0.000511767098480663 0.0136714924879834
"TRINITY_DN13829_c0_g1_i1" 2666.04837756683 -0.533603928534229 0.143597670974824 -3.71596506344301 0.000202429554206769 0.00757086532733317
"TRINITY_DN1384_c0_g1_i1" 269.405811714652 1.59330883689874 0.293162376469909 5.43490217293378 5.48265038334981e-08 8.86707564701765e-06
"TRINITY_DN1392_c0_g1_i3" 2034.19167524299 0.563699071811373 0.151110626336321 3.73037347192758 0.000191196143451186 0.00733041555620972
"TRINITY_DN1396_c0_g1_i1" 1007.44832291522 -0.576670299202871 0.170349240752052 -3.38522377121851 0.000711202505284723 0.0169895891865882
"TRINITY_DN14009_c0_g1_i1" 3519.15301744781 -0.663175004126253 0.192533053438251 -3.44447351913497 0.000572172679999077 0.0148219970437856
"TRINITY_DN1403_c0_g1_i7" 371.298225877922 1.10794606052699 0.249364334508043 4.44308149644895 8.86795565278745e-06 0.00061884873264872
"TRINITY_DN14048_c0_g1_i1" 4772.19831672495 -0.618814861435851 0.170640007936335 -3.62643479052538 0.000287361344739747 0.00895609524438879
"TRINITY_DN1405_c0_g2_i3" 141.212510468512 2.66457207023323 0.504042205775249 5.28640665345663 1.24742424580864e-07 1.7772825445045e-05
"TRINITY_DN1418_c0_g1_i1" 710.232089960426 0.725544051650924 0.188128411304148 3.8566426337271 0.000114955032365393 0.00516944430805223
"TRINITY_DN14186_c0_g1_i1" 9161.25058101112 -0.81688632807774 0.138859797909948 -5.8828137471977 4.03349744763004e-09 1.06189562279107e-06
"TRINITY_DN14249_c0_g1_i1" 1137.62627313064 -0.704022830311483 0.17787957421922 -3.95786212892459 7.56235846687463e-05 0.00371223731444839
"TRINITY_DN1434_c0_g1_i1" 1920.84815596999 1.07256467029 0.195435455660318 5.48807618692385 4.06334815623316e-08 7.15149275497035e-06
"TRINITY_DN1445_c0_g3_i6" 247.358242025684 1.14875542553395 0.315578346957153 3.64015920803946 0.000272469515581179 0.00869857268700499
"TRINITY_DN1454_c0_g1_i8" 3109.6984583187 0.822451043895802 0.225181451254383 3.65239250086677 0.000259808369444921 0.00847027648851862
"TRINITY_DN14697_c0_g1_i1" 31656.1356173334 -0.463187691015892 0.143381933187143 -3.23044668683144 0.0012359695251076 0.0244093783440393
"TRINITY_DN14773_c0_g1_i4" 10576.6964983185 -0.532447020265708 0.146622853132042 -3.6314053975352 0.000281881986980941 0.00883131837745525
"TRINITY_DN1495_c0_g1_i14" 618.754879730649 1.18357358522334 0.339758204225582 3.4835761741827 0.000494762303290365 0.0133966408275545
"TRINITY_DN15_c0_g1_i1" 29847.3909245809 -0.912517142204745 0.219834781175001 -4.15092251247689 3.31137869957297e-05 0.00192381457652861
"TRINITY_DN150_c0_g1_i2" 4294.35381731027 -0.643384996869797 0.161367899733689 -3.98706928659044 6.68944947932378e-05 0.00333580547368946
"TRINITY_DN150_c0_g1_i3" 3511.29697074237 0.59662334032175 0.127134726769067 4.69284321824582 2.69433976483022e-06 0.000251920768011626
"TRINITY_DN1502_c0_g1_i1" 512.511334235031 -0.955606644781405 0.316705982419103 -3.0173305773455 0.00255011546199877 0.040290021288147
"TRINITY_DN1509_c0_g1_i2" 1434.7143375137 2.02459664404377 0.45242896432219 4.47494922672985 7.64294726910116e-06 0.000551028872991583
"TRINITY_DN15161_c0_g1_i1" 926.695813724536 -1.25920903785373 0.337690085829728 -3.72888956677472 0.000192325408142534 0.00733041555620972
"TRINITY_DN15161_c0_g1_i2" 5977.67788047914 -0.774033754020253 0.257315246962719 -3.00811461099465 0.0026287397961388 0.0412870838322692
"TRINITY_DN152_c0_g1_i8" 439.249013217803 0.895201900232759 0.273136480976463 3.27748932340496 0.0010473469134068 0.0219534075543093
"TRINITY_DN153_c0_g1_i2" 445.373757298902 1.25058255548829 0.3780894418757 3.3076368101795 0.000940867427866617 0.0204732752303776
"TRINITY_DN1534_c0_g1_i1" 2523.51051000998 -0.60700191004233 0.1733902348279 -3.5007848662574 0.000463890159638005 0.0127604976231918
"TRINITY_DN155_c0_g1_i1" 3782.56119533078 1.68674035775635 0.161483689759805 10.4452676320764 1.54020342451339e-25 3.07219243076271e-22
"TRINITY_DN155_c0_g1_i2" 4560.06811214999 -0.899343845432096 0.162377980483218 -5.53858252674258 3.04929550394047e-08 5.88612396631606e-06
"TRINITY_DN15787_c0_g1_i3" 431.604280046823 1.34634488850821 0.237686282909886 5.66437773364752 1.47559031768488e-08 3.27034535593566e-06
"TRINITY_DN15921_c1_g1_i1" 158.179695300823 -1.24773164176788 0.4251093250357 -2.93508414961985 0.00333457243204908 0.0481311464734143
"TRINITY_DN15940_c0_g1_i1" 6276.9378949279 0.385927205366553 0.110262401480096 3.50007981130556 0.000465118877634914 0.0127604976231918
"TRINITY_DN16_c0_g1_i4" 1263.04149081408 -0.682138901403995 0.178882657272042 -3.81333166561033 0.000137105921359968 0.00577775939026796
"TRINITY_DN1603_c0_g1_i1" 1424.76326312884 0.53829794599127 0.156884999186927 3.43116262728148 0.000601000182421952 0.0151108617294662
"TRINITY_DN1631_c0_g1_i2" 577.23673313688 1.54635004423267 0.245261686865913 6.30489851061847 2.88382800684985e-10 1.01510745841115e-07
"TRINITY_DN1639_c0_g1_i1" 1264.60845685759 1.51905517614192 0.178144706195678 8.52708569668836 1.5008068877929e-17 1.49680473609212e-14
"TRINITY_DN1662_c0_g1_i2" 313.715002173711 0.935241181816295 0.307684561574491 3.03961036273792 0.00236884394199386 0.0382995881638219
"TRINITY_DN1662_c0_g1_i3" 971.132623130664 0.726862131704061 0.222957423484386 3.26009387956066 0.00111375342319367 0.022902750805467
"TRINITY_DN1672_c0_g1_i1" 2061.68249634874 -1.29783292965573 0.290515808547907 -4.46734012907155 7.9198156532835e-06 0.000564192581776768
"TRINITY_DN16787_c0_g1_i1" 516.38278301949 1.04951117242099 0.241215155276294 4.35093380106591 1.35558977939697e-05 0.000872241853753922
"TRINITY_DN1683_c0_g1_i3" 283.318715695206 1.83644751460144 0.342817230130346 5.35692886236549 8.46484286943402e-08 1.27934124312178e-05
"TRINITY_DN16842_c0_g1_i4" 9353.00685553258 -0.692251040836223 0.180237161276629 -3.84077864926951 0.000122644667768317 0.00535697585347162
"TRINITY_DN1685_c0_g1_i1" 552.726141935953 1.08909072565119 0.292901706286953 3.71828057766322 0.000200583413148025 0.00754900090740742
"TRINITY_DN1685_c0_g1_i2" 366.687059045172 1.90591286307995 0.375916834708659 5.07003860190796 3.9773502363206e-07 4.66675761061617e-05
"TRINITY_DN1689_c0_g1_i2" 877.256656346989 -1.3047416397713 0.196112463018981 -6.65302765406103 2.87124218482689e-11 1.32165486415416e-08
"TRINITY_DN169_c0_g1_i11" 142.290492553857 -10.7882198783615 1.58547930513343 -6.80439022031488 1.01478135287481e-11 5.52041055963899e-09
"TRINITY_DN16910_c0_g1_i1" 30765.716812921 -0.452031284024407 0.135235535465764 -3.34254811405573 0.000830129626210131 0.0190591427699791
"TRINITY_DN1692_c0_g2_i2" 389.232548556279 -1.02243977438828 0.289046301912606 -3.5372871668755 0.000404259859427715 0.0116864299459683
"TRINITY_DN17201_c0_g1_i1" 570.782079288721 -0.719742986183742 0.229785084989795 -3.13224414115349 0.00173475555567475 0.0309873947616647
"TRINITY_DN1756_c0_g1_i1" 3148.7854164499 -0.717950939881242 0.201483744921144 -3.56331941399158 0.000366194643963167 0.0106893109730517
"TRINITY_DN17594_c0_g1_i1" 434.705974413496 -1.24581915792267 0.282670474100107 -4.4073197311774 1.04657640766762e-05 0.000703675643087982
"TRINITY_DN176_c0_g1_i1" 148.595701590264 1.35023655647241 0.431336121182373 3.13035818278136 0.0017459327765827 0.0310942313543777
"TRINITY_DN176_c0_g1_i5" 502.531142364501 1.63876243157204 0.390586622263774 4.19564403428373 2.72097304561202e-05 0.00162366552025191
"TRINITY_DN177_c0_g1_i4" 234.422941367653 -1.84568205989141 0.423058190880841 -4.36271439644874 1.28458595809854e-05 0.000835539388398004
"TRINITY_DN1829_c0_g1_i9" 196.453287255112 1.33421554941385 0.455946136141087 2.92625694935375 0.00343067456618821 0.0489956004870412
"TRINITY_DN1841_c0_g1_i1" 1814.06622885456 -0.437564390516547 0.14806910628593 -2.9551362974501 0.00312530947266455 0.0464065803583738
"TRINITY_DN18492_c1_g1_i1" 180.650615259457 -1.57413742846653 0.34076383976895 -4.61943799416585 3.84780843866914e-06 0.000318418218197234
"TRINITY_DN18531_c0_g1_i1" 1062.93671071193 -0.651920212459362 0.202707247999145 -3.21606759942848 0.00129960215548107 0.0250865138658024
"TRINITY_DN18591_c0_g1_i1" 1635.58527161641 -0.795927421433911 0.14949340245145 -5.32416419977062 1.0141826512433e-07 1.4802119475707e-05
"TRINITY_DN188_c0_g1_i3" 570.709303427078 1.39344126471101 0.289666369687141 4.81050411967401 1.50550100328749e-06 0.000147687180388071
"TRINITY_DN1880_c0_g1_i1" 316.104537057206 0.881115134401852 0.264668675237684 3.32912511694318 0.000871192583531161 0.0195251551305261
"TRINITY_DN18880_c0_g1_i1" 2905.26434970134 -0.707988973234348 0.22048361906986 -3.21107289612305 0.00132240384795963 0.0252995502692526
"TRINITY_DN1890_c0_g1_i3" 362.982199436786 0.776182452773321 0.260270037717136 2.98221977289942 0.00286166491108855 0.0436841908876375
"TRINITY_DN18957_c0_g1_i1" 980.046935203448 -0.757757872844231 0.181197556735321 -4.18194310396305 2.89028306635075e-05 0.00169563273225911
"TRINITY_DN190_c0_g1_i1" 1147.526377583 1.59805007762658 0.471154366312049 3.39177601204312 0.000694411824445161 0.0167554853124187
"TRINITY_DN19043_c0_g1_i1" 3444.3209909224 -0.535224765947068 0.18131577714275 -2.9518929592414 0.00315832394735376 0.0466652111134935
"TRINITY_DN19065_c0_g1_i1" 979.276225138045 -0.834929530845151 0.216626794903396 -3.85423018060847 0.000116094335129542 0.00516944430805223
"TRINITY_DN192_c0_g1_i2" 473.601198822554 1.30846221848297 0.259942615895998 5.03365796321168 4.81207940895812e-07 5.43311003456705e-05
"TRINITY_DN1943_c0_g1_i1" 537.788844858197 -0.797006862237171 0.219215652617115 -3.63572059167342 0.000277204665133952 0.00873048797979774
"TRINITY_DN1970_c0_g1_i2" 370.043583618413 -0.857171270221156 0.279463772261483 -3.06719995684856 0.00216074263264153 0.0361007836985366
"TRINITY_DN1974_c0_g1_i1" 273.25192428925 -1.68421832913426 0.561744070625291 -2.99819511625555 0.00271583738676962 0.0423217992771599
"TRINITY_DN1982_c0_g1_i14" 579.732436102084 -3.55938372660745 0.327493084695067 -10.8685767515416 1.62719334963812e-27 4.86856250211725e-24
"TRINITY_DN1982_c0_g1_i7" 243.136700950578 -1.01609729770351 0.316241135879745 -3.213045940013 0.00131335280443977 0.0252704282371947
"TRINITY_DN1986_c0_g1_i2" 21792.2838851479 -0.614967612181749 0.166502176619593 -3.69345088855363 0.000221231251933657 0.00783341900337871
"TRINITY_DN19927_c0_g1_i1" 2927.20613983462 0.594482326745255 0.180204065389041 3.29893959640607 0.000970507920074593 0.0208903575313898
"TRINITY_DN2_c0_g2_i2" 3663.64397157864 0.480818945775206 0.126717345731403 3.79442090583538 0.000147988446243198 0.0060654990569815
"TRINITY_DN2000_c0_g1_i1" 3058.91132419305 -0.585162661153452 0.180348971832372 -3.24461323626141 0.00117610245558726 0.02353778292386
"TRINITY_DN2008_c0_g1_i1" 689.019975774185 0.737305097122603 0.198869401270538 3.70748386836841 0.000209328746410097 0.00761622058199706
"TRINITY_DN2019_c0_g2_i1" 233.912848618328 -1.06679195000267 0.323940654010028 -3.29317094596484 0.000990642235383497 0.0211714397733387
"TRINITY_DN202_c0_g1_i1" 529.801054893121 0.743125871575994 0.251331870322792 2.95675144828063 0.00310898621366086 0.0464065803583738
"TRINITY_DN202_c0_g1_i2" 433.446954428999 1.03695206540734 0.317129246959612 3.26980899853554 0.00107620124837517 0.0224143069773272
"TRINITY_DN2021_c0_g1_i2" 444.795364821859 -0.885949190499768 0.266033302217104 -3.33021912338165 0.000867776643212365 0.0195217121540706
"TRINITY_DN20228_c0_g1_i1" 4283.48832055237 -0.915915887053786 0.218385893909333 -4.19402494665725 2.7404782343824e-05 0.00162366552025191
"TRINITY_DN204_c0_g1_i1" 158.44516436627 1.77176780298531 0.581251007726562 3.04819738707242 0.00230218653413664 0.0376401208204198
"TRINITY_DN20407_c0_g1_i1" 24807.4466438061 -0.444263392383858 0.145147613399362 -3.06076952957885 0.00220768957651696 0.0362934462249381
"TRINITY_DN2069_c2_g1_i1" 1292.9819869144 0.672523534391394 0.213794605016412 3.14565250297017 0.0016571677332849 0.0300499748968995
"TRINITY_DN2082_c0_g1_i1" 8721.58493850971 -0.336787166513408 0.108028372199259 -3.11758068419471 0.00182342028188565 0.0319980849466386
"TRINITY_DN211_c0_g1_i2" 15305.2009450873 0.779534686573388 0.141099306364599 5.52472373293659 3.30004465504855e-08 6.17108350494078e-06
"TRINITY_DN211_c0_g1_i3" 8852.3478338512 0.423757861316467 0.135667213926226 3.12350971950307 0.00178707962763897 0.0317325949311324
"TRINITY_DN21411_c0_g1_i1" 2406.6841131807 -0.414272748362527 0.131765819083202 -3.14400768913323 0.00166651060781779 0.0301280950972256
"TRINITY_DN2142_c0_g1_i4" 718.408349803301 0.832067798266678 0.188957424624955 4.40346707687288 1.06534457701184e-05 0.000708335772093209
"TRINITY_DN2144_c0_g1_i1" 672.286966888692 1.05894021093239 0.295021796643836 3.58936262669022 0.000331487458943921 0.00986876096676828
"TRINITY_DN2145_c2_g1_i1" 738.808244026808 0.658350318330515 0.204340854791109 3.22182423580211 0.00127377248670959 0.0248550618848411
"TRINITY_DN2154_c0_g1_i8" 336.152658595609 -1.04293452361439 0.308134519338617 -3.3846727911334 0.000712631498301076 0.0169895891865882
"TRINITY_DN21561_c0_g1_i1" 2465.48639822448 -0.396024196572497 0.135016903127985 -2.93314531290278 0.00335546803293476 0.0482444408201908
"TRINITY_DN21567_c4_g1_i1" 35329.596581009 -0.445034215249261 0.14280661297705 -3.11634178538202 0.00183109908541758 0.0320388799039146
"TRINITY_DN2157_c0_g1_i2" 307.883633607751 -1.9246680438898 0.303266422806546 -6.34645941373323 2.20326637488055e-10 8.78956399152348e-08
"TRINITY_DN216_c0_g2_i1" 2273.49738684181 0.523448610704526 0.164207262569214 3.18773117896592 0.00143393780400726 0.0269832824502498
"TRINITY_DN2164_c0_g1_i6" 459.854404745236 0.902667228727929 0.262404271749868 3.43998679102443 0.000581742577894316 0.0150049464918948
"TRINITY_DN21644_c0_g1_i1" 480.923096457294 -1.15249191236176 0.366849881254867 -3.14158998339998 0.00168033165892169 0.0302864597800825
"TRINITY_DN2172_c0_g1_i1" 756.514315459409 -0.693662018157024 0.20194337335105 -3.43493330158048 0.000592699688700109 0.0150924039880062
"TRINITY_DN2186_c0_g1_i1" 1074.85574109457 0.724020784007736 0.206236707687281 3.51063005284964 0.00044704607069039 0.012491664944165
"TRINITY_DN2196_c0_g1_i1" 123.156025443365 -3.20787325060487 0.599033412481047 -5.35508234393581 8.55174627755199e-08 1.27934124312178e-05
"TRINITY_DN220_c0_g1_i1" 926.08504711078 -0.926570474537526 0.312443762480481 -2.96555920073908 0.00302133189310966 0.0455406802225899
"TRINITY_DN22156_c15_g1_i1" 63586.096843891 -0.326848658579138 0.102149443163281 -3.1997106245277 0.00137565630815362 0.0260504029999723
"TRINITY_DN22163_c20_g1_i1" 44962.4728795931 -0.503525976172367 0.139845836193667 -3.60057896521891 0.000317509378367902 0.00960125124320063
"TRINITY_DN22165_c3_g1_i1" 1705.40959668585 -0.555915393566972 0.170049625305621 -3.2691362451864 0.00107876343741147 0.0224143069773272
"TRINITY_DN22181_c0_g1_i1" 5944.84866287605 -0.424634862933395 0.115599264765907 -3.67333532607924 0.000239404982451512 0.00807415417599237
"TRINITY_DN22217_c0_g1_i2" 341.572235943417 -1.18447931843476 0.337404495036987 -3.51056176149912 0.000447160918198946 0.012491664944165
"TRINITY_DN22236_c0_g1_i2" 22791.0671533168 -0.670326366193713 0.168118809131019 -3.98721814446896 6.68525523427867e-05 0.00333580547368946
"TRINITY_DN2257_c0_g1_i3" 394.87556910954 1.30694553892382 0.250968654366457 5.2076046796484 1.91293925237547e-07 2.43553797579038e-05
"TRINITY_DN22601_c0_g1_i1" 855.094560299958 -0.57568444833729 0.179417173245478 -3.20863626331711 0.00133366095994027 0.0253353243945479
"TRINITY_DN2291_c0_g1_i1" 1159.71039848306 -0.66433000003398 0.199173356229313 -3.33543608749114 0.000851657281996593 0.0192313855678023
"TRINITY_DN2313_c0_g2_i6" 613.715676662793 -2.97726927162531 0.665051897848114 -4.47674727530101 7.57888760274562e-06 0.000551028872991583
"TRINITY_DN235_c0_g1_i2" 269.664537125563 -1.0351563828437 0.341451489714472 -3.0316352806348 0.00243232900706496 0.0389172641130394
"TRINITY_DN2352_c2_g1_i1" 30476.3797114892 0.348388397290739 0.117136734085076 2.97420275553959 0.00293750903908565 0.0446143504819506
"TRINITY_DN2367_c0_g1_i1" 1610.44819230858 0.490252187257885 0.156395194462829 3.13470109450457 0.00172029300019908 0.0308210578239261
"TRINITY_DN23860_c1_g1_i1" 3664.5435878495 -0.522522624695944 0.15945256626026 -3.27697845792633 0.00104924374340449 0.0219534075543093
"TRINITY_DN23877_c0_g1_i1" 202.272040340072 0.949231832606299 0.31766842668717 2.98812142744382 0.00280698007813311 0.0431798683484537
"TRINITY_DN23879_c2_g1_i1" 3920.61416176807 -0.511788811821071 0.133231817627955 -3.84134076178578 0.000122364105325303 0.00535697585347162
"TRINITY_DN23881_c0_g1_i1" 490.637560827804 0.718507619699652 0.221009528402715 3.25102553221333 0.00114989530496469 0.0231682609592886
"TRINITY_DN2389_c0_g1_i3" 1404.49840318005 0.523840577932449 0.152611924252619 3.43250096935631 0.000598041743982051 0.0151108617294662
"TRINITY_DN23892_c0_g1_i1" 476.845673722971 0.660675480220761 0.224631147094715 2.94115704240334 0.00326988710452228 0.0476082832930932
"TRINITY_DN23909_c0_g1_i1" 305.810799310237 -1.58821018217925 0.270004191698039 -5.8821686144615 4.0492550766461e-09 1.06189562279107e-06
"TRINITY_DN23918_c0_g1_i1" 1111.7564626262 0.858776491566462 0.228738915753147 3.75439609276301 0.00017375990677261 0.00684065317189014
"TRINITY_DN23949_c0_g1_i1" 17634.0965337608 -0.432193069101967 0.13266604743988 -3.25775190745638 0.00112298537293779 0.0229349640670981
"TRINITY_DN23954_c2_g1_i1" 9894.09644285409 -0.615023751630874 0.200517458552364 -3.06718305763019 0.00216086480091995 0.0361007836985366
"TRINITY_DN23958_c0_g1_i1" 2553.85119734358 -1.06882230720143 0.175065230271487 -6.10528033204496 1.02620404479113e-09 3.41155833557231e-07
"TRINITY_DN2397_c0_g1_i1" 3206.92531709798 0.557695088582727 0.151428445110692 3.6828951665921 0.00023060000839888 0.00795749772096396
"TRINITY_DN23977_c0_g1_i1" 8373.79999462726 -0.425475169723837 0.118197835471871 -3.59968664422027 0.00031860088270461 0.00960125124320063
"TRINITY_DN2398_c0_g1_i2" 339.254714849109 -1.37402309022673 0.280872676566745 -4.89197848299858 9.98273603953666e-07 0.000101248631289131
"TRINITY_DN23986_c3_g1_i1" 26317.475390647 -0.460991472707139 0.138799971857255 -3.32126488599891 0.000896104466193491 0.0199307065285738
"TRINITY_DN240_c0_g1_i1" 439.926192657792 -1.09596418038552 0.297726364413558 -3.68111229431859 0.000232218695767463 0.00795749772096396
"TRINITY_DN2406_c0_g1_i10" 1848.81810180883 0.569591565871836 0.140121042474708 4.06499663299785 4.8033155405667e-05 0.00268626543876179
"TRINITY_DN24150_c0_g1_i1" 555.783557153973 -0.755008438123364 0.231714510037404 -3.25835631959988 0.00112059605770268 0.0229349640670981
"TRINITY_DN24198_c0_g1_i1" 1429.54534289817 1.43074182393228 0.282563273388979 5.06343873629575 4.11760745202235e-07 4.73841596017341e-05
"TRINITY_DN2447_c1_g1_i11" 406.935131005087 1.64491483716517 0.464129141039353 3.54408868506212 0.000393972699398327 0.0114443331708718
"TRINITY_DN248_c0_g1_i1" 826.707143298957 -0.683211615201324 0.176895599906342 -3.86223069179252 0.000112356392548327 0.00513237139701672
"TRINITY_DN24886_c0_g1_i1" 3609.338734081 -0.540195803565761 0.160919698190311 -3.35692776981783 0.000788136990812105 0.018422702160233
"TRINITY_DN25_c0_g1_i1" 553.713108674311 0.758665481975843 0.233988310580656 3.24232214888499 0.00118559922058289 0.0235701851693289
"TRINITY_DN2509_c1_g1_i1" 687.230952882945 0.820947585086645 0.244742555742118 3.3543311770907 0.000795570829134215 0.01845230946333
"TRINITY_DN25158_c34_g1_i1" 34263.5321767658 -0.860333138848062 0.289361858663642 -2.97320850377909 0.0029470418234108 0.0446458184083297
"TRINITY_DN25165_c11_g1_i1" 13472.5730840493 -0.844636007509874 0.274230223295897 -3.08002523339123 0.00206983058044647 0.035287368072341
"TRINITY_DN25175_c3_g1_i1" 16299.8977901795 -0.58375255740881 0.171160347980212 -3.41055953845279 0.000648297280377587 0.0160119373968907
"TRINITY_DN25204_c4_g1_i1" 1791.07367992265 -0.677354037930493 0.208339499134253 -3.25120315996349 0.00114917708077479 0.0231682609592886
"TRINITY_DN2521_c0_g1_i2" 199.592729644064 -1.19399732561311 0.394331102330671 -3.02790553054542 0.00246255056604907 0.0392957402326337
"TRINITY_DN25229_c0_g1_i1" 800.64875599257 -0.69320156000218 0.207616365362439 -3.33885798834811 0.000841235584836357 0.0190680065896241
"TRINITY_DN25272_c1_g1_i1" 374.879603045231 -0.925481566266385 0.294701030996395 -3.14040830850607 0.00168712511262922 0.0303175876095294
"TRINITY_DN25292_c0_g1_i1" 2836.91241502937 -0.567454850827163 0.186295228007136 -3.04599777942475 0.00231909547890386 0.037710509091741
"TRINITY_DN25573_c0_g1_i1" 302.970696549181 1.48335191196749 0.394435723258951 3.76069363015999 0.00016944285555924 0.00680500703131876
"TRINITY_DN256_c0_g1_i1" 773.292974838395 -1.05699729899787 0.274322638385729 -3.85311728269256 0.000116623492912275 0.00516944430805223
"TRINITY_DN25605_c0_g1_i1" 193.722137636725 -1.08911786576022 0.34379514533857 -3.16792683238053 0.00153530154599841 0.0281817314455659
"TRINITY_DN2562_c0_g1_i7" 3274.46239051731 0.649271548323386 0.132107802361041 4.9147100831257 8.89139360800463e-07 9.17346540522409e-05
"TRINITY_DN25822_c0_g1_i1" 188.150698972209 1.34573692461719 0.344287582768873 3.90875823575841 9.27717465854954e-05 0.00444116905254084
"TRINITY_DN261_c0_g1_i2" 325.042940967485 -1.49452611525377 0.274881415583691 -5.4369849343225 5.41897181901064e-08 8.86707564701765e-06
"TRINITY_DN2611_c0_g1_i1" 1065.07965959875 0.627171084229389 0.185634408162951 3.37852820732919 0.000728749558356838 0.0172365112933096
"TRINITY_DN2656_c0_g1_i1" 270.159705660064 -1.0004333739872 0.285878202624308 -3.49950910843642 0.000466115679633715 0.0127604976231918
"TRINITY_DN26677_c0_g1_i1" 334.387340828576 -0.89986776084356 0.258185665600595 -3.48535136042614 0.000491491201524141 0.0133685606814566
"TRINITY_DN26764_c0_g1_i12" 42786.6896212875 -0.79439736284784 0.171103496860889 -4.64278858949156 3.43738023939545e-06 0.000306604925484026
"TRINITY_DN26764_c0_g1_i3" 8063.56052133852 -0.842825950261237 0.284455981938527 -2.96293980009666 0.00304716157086076 0.0458146101508311
"TRINITY_DN26798_c0_g1_i1" 18303.395811942 -0.606274331045243 0.165509498831886 -3.66307876782987 0.000249201866511693 0.0082388064597015
"TRINITY_DN26809_c0_g1_i1" 3917.85412392411 -0.521240776793548 0.176713252150009 -2.94964169609122 0.0031814264996774 0.046775567995257
"TRINITY_DN26814_c0_g1_i1" 1505.1901489313 -0.609634612423887 0.187471526582847 -3.25187842407887 0.00114645048472085 0.0231682609592886
"TRINITY_DN26817_c0_g1_i1" 17133.3203055356 -0.443437794819301 0.122738502141815 -3.6128662732656 0.000302830900884331 0.00934092840665894
"TRINITY_DN26862_c0_g1_i1" 346.845440678874 -1.02608207050029 0.294804906336552 -3.48054611183747 0.000500392680701363 0.0134880621680944
"TRINITY_DN26961_c0_g1_i1" 7656.62421652362 -0.543984477270559 0.174292010642969 -3.12110965536391 0.00180170931135142 0.0318977175122098
"TRINITY_DN27024_c0_g1_i1" 2344.08804562606 -0.412905485848075 0.133603687907897 -3.0905246128589 0.00199803244288657 0.0344559831073004
"TRINITY_DN2717_c1_g1_i15" 839.941398624187 -0.542940359484404 0.183981643418098 -2.95105723265322 0.0031668823003335 0.0466764130177234
"TRINITY_DN2728_c0_g1_i2" 3813.5142558646 -0.488332010058372 0.161853076262147 -3.01713147093627 0.00255179112102402 0.040290021288147
"TRINITY_DN2743_c0_g1_i1" 181.13799403097 1.40163865140396 0.455572534416465 3.07665310245116 0.00209338766950946 0.0355207104784954
"TRINITY_DN276_c0_g1_i2" 418.658091439125 -1.17126709529504 0.355805579966972 -3.29187388068441 0.00099522231751668 0.0211936311317431
"TRINITY_DN2764_c0_g1_i14" 405.346535822917 1.11510945604005 0.372381064788841 2.99453855601485 0.00274860314924372 0.0424902135334136
"TRINITY_DN2772_c0_g1_i1" 26154.3023239755 -0.68080930872494 0.198144074575306 -3.43593069933663 0.000590522004053607 0.0150924039880062
"TRINITY_DN2777_c0_g1_i1" 935.257335714197 0.616454109765547 0.181302420226923 3.40014275040553 0.000673506817142355 0.0164278156814467
"TRINITY_DN28066_c26_g1_i1" 138289.184826312 -0.635144408694999 0.217424172339009 -2.9212226122893 0.00348660600291858 0.0494404036053668
"TRINITY_DN28078_c0_g1_i1" 1330.36821745988 -1.24674914908828 0.307392150889229 -4.05589129547278 4.99434846663548e-05 0.00274486939996101
"TRINITY_DN28083_c0_g1_i1" 2175.72670262835 -0.525097224761839 0.132752023258236 -3.95547436396048 7.63829391059201e-05 0.00371223731444839
"TRINITY_DN28112_c0_g1_i1" 289.456005523508 -0.873943643351956 0.282013872344498 -3.09893848868675 0.00194215337975511 0.0335891497816606
"TRINITY_DN28128_c3_g1_i1" 2531.1749827413 -0.537658230309378 0.143186006886487 -3.75496350516721 0.000173366737479939 0.00684065317189014
"TRINITY_DN28152_c0_g1_i1" 2988.94088012597 -0.513283043101348 0.127649703825185 -4.02102807699643 5.79446973026096e-05 0.00296359887742578
"TRINITY_DN28217_c0_g1_i1" 1326.48207782675 -0.626472603085466 0.203640322646248 -3.07636815216473 0.00209538950516525 0.0355207104784954
"TRINITY_DN28238_c0_g1_i1" 4430.29023692783 -0.382173102260153 0.124404468378903 -3.07202070183007 0.00212614979100408 0.0358390995756856
"TRINITY_DN2853_c0_g1_i1" 28479.7076556936 -0.429244217111296 0.116971080145767 -3.66966105276947 0.000242872284705653 0.00807415417599237
"TRINITY_DN2889_c2_g1_i1" 25224.7759966949 -0.596913243858198 0.162627756817391 -3.67042659592513 0.000242146002259245 0.00807415417599237
"TRINITY_DN29387_c0_g1_i1" 330.850420125344 -2.27408531172346 0.31276101523959 -7.27099990381281 3.56836197003665e-13 2.66913475358741e-10
"TRINITY_DN295_c0_g1_i2" 1404.8237217958 0.462402045907581 0.151976080127792 3.04259752928725 0.00234545798570597 0.0380358281476004
"TRINITY_DN3036_c0_g1_i2" 621.695990074721 1.67653125064959 0.241578710078554 6.93989652525437 3.92387243354684e-12 2.34804526423443e-09
"TRINITY_DN3037_c1_g1_i2" 809.586848217078 0.594838330727162 0.189023117189085 3.14690784689646 0.00165006958020245 0.0300499748968995
"TRINITY_DN3062_c0_g1_i4" 154.289224087096 1.19341751696217 0.371027653579275 3.21651905309313 0.0012975591743321 0.0250865138658024
"TRINITY_DN3092_c2_g1_i1" 940.117083248999 -0.681672886842637 0.196516327473152 -3.46878498905272 0.000522817689832179 0.0138582304145935
"TRINITY_DN3114_c0_g1_i2" 1096.87241802716 1.26818307240448 0.222614499292399 5.69676762490998 1.22100164679216e-08 2.92258954176171e-06
"TRINITY_DN3208_c0_g1_i1" 725.513363217375 0.782567678783137 0.213167000064537 3.67114834165801 0.000241463137532201 0.00807415417599237
"TRINITY_DN321_c0_g1_i3" 291.110171877603 -0.884159712470389 0.271204441998784 -3.26012253322293 0.0011136409075315 0.022902750805467
"TRINITY_DN3219_c0_g1_i3" 139.219579227683 1.13223110280251 0.384407811529548 2.94539046513492 0.00322547330256698 0.0471912768766767
"TRINITY_DN325_c0_g1_i10" 1524.39693649075 1.25193540478315 0.206091926544832 6.074645551488 1.24261882567713e-09 3.91359529097471e-07
"TRINITY_DN325_c0_g1_i14" 878.616249911066 1.44021160765335 0.383202334538246 3.75835812531983 0.000171031971059106 0.00682303543211794
"TRINITY_DN325_c0_g1_i2" 654.677292841787 1.4522363275942 0.461645459222977 3.14578276159923 0.00165642990128963 0.0300499748968995
"TRINITY_DN3251_c0_g1_i1" 790.925683429157 -0.640972161779858 0.187825616685546 -3.41259181303773 0.000643482467835259 0.0159775895747975
"TRINITY_DN3276_c2_g1_i1" 2291.14623661639 -0.564876029926993 0.165433844371758 -3.4145131068684 0.000638961192103569 0.0159314323897823
"TRINITY_DN3290_c0_g1_i2" 473.753425637712 -1.0655507835193 0.225650281041808 -4.72213364237679 2.33383237280414e-06 0.000221677030458095
"TRINITY_DN330_c0_g1_i1" 1429.36168533056 -0.653032779688117 0.197034693795067 -3.31430352244121 0.000918717206761413 0.0201377427298912
"TRINITY_DN333_c0_g1_i2" 1418.62456152745 0.468205847411329 0.158367408222626 2.95645330479328 0.00311199348982838 0.0464065803583738
"TRINITY_DN3334_c0_g1_i2" 226.891423122895 -1.38917991066957 0.465446435921741 -2.98461821480818 0.00283932464520024 0.0435654325048159
"TRINITY_DN3339_c0_g1_i1" 758.597123947613 -0.717386374396744 0.244443986277756 -2.93476794140313 0.00333797222367429 0.0481311464734143
"TRINITY_DN3345_c0_g1_i1" 1947.78068412078 0.867297351996672 0.192783550626006 4.49881408024901 6.8333584475813e-06 0.000511135211879081
"TRINITY_DN336_c2_g1_i1" 20993.5621732825 -0.650608069053891 0.131642799945909 -4.94222296488087 7.72368120376382e-07 8.10851023216188e-05
"TRINITY_DN3368_c0_g1_i1" 12880.9273176538 -0.734316778207211 0.235378709947312 -3.11972471244992 0.00181020128843488 0.0319535236283018
"TRINITY_DN339_c0_g1_i6" 136.162540543248 -1.83692849851053 0.464312403151664 -3.95623396239645 7.61405939150708e-05 0.00371223731444839
"TRINITY_DN3395_c0_g1_i2" 5374.51410105688 0.913125079443572 0.262804926391714 3.4745356260276 0.000511738404960764 0.0136714924879834
"TRINITY_DN340_c1_g2_i1" 1032.57138053437 0.674443538635947 0.219939170545622 3.06650032808069 0.00216580570651314 0.0361007836985366
"TRINITY_DN3421_c0_g1_i1" 839.993286605966 0.7274122862305 0.180851503573616 4.02215227331194 5.76687542177906e-05 0.00296359887742578
"TRINITY_DN3438_c0_g1_i3" 702.736001634237 -1.31065895762788 0.262329481961588 -4.99623202023399 5.84613180664335e-07 6.36059140562797e-05
"TRINITY_DN345_c0_g1_i1" 754.312969395368 -0.660285353605681 0.224582970425301 -2.94005085227645 0.00328158384629398 0.0476626158646193
"TRINITY_DN3463_c0_g1_i1" 213.529423650594 1.68133691430291 0.553516039234823 3.03755771310111 0.00238503728704121 0.0383657610904694
"TRINITY_DN3470_c0_g1_i3" 886.52073381641 0.932492784455476 0.177083037974913 5.26585038928223 1.39541893606474e-07 1.8555970918692e-05
"TRINITY_DN3471_c0_g1_i1" 1200.93449318892 -0.740863981382821 0.194964745748723 -3.79998947264892 0.000144702234828759 0.00599002823524582
"TRINITY_DN348_c2_g1_i1" 796.842796025512 -0.62979859672437 0.192073295400104 -3.27894929595731 0.00104194355057392 0.0219534075543093
"TRINITY_DN3488_c0_g1_i2" 169.579349415324 2.04885980355922 0.388906594552417 5.2682567800559 1.37725365679939e-07 1.8555970918692e-05
"TRINITY_DN3502_c0_g1_i3" 2341.95397602117 0.452590610264328 0.151089513935468 2.99551304703803 0.00273983580012258 0.0424902135334136
"TRINITY_DN3519_c0_g1_i10" 770.48629222725 -1.10317858298692 0.210451321209718 -5.24196558446683 1.58875007768471e-07 2.06675662279681e-05
"TRINITY_DN3519_c0_g1_i2" 706.864000205685 1.01527026280254 0.219091553025014 4.63400002777206 3.58666944718825e-06 0.000309679154887372
"TRINITY_DN3519_c0_g1_i9" 506.130180554981 1.38236153219107 0.299376323222961 4.61747113903045 3.88444684632321e-06 0.000318418218197234
"TRINITY_DN354_c0_g1_i1" 179.333621851136 -1.10237701700991 0.339874370328936 -3.24348380827603 0.0011807752175429 0.023552529672589
"TRINITY_DN356_c0_g1_i17" 15016.2189943258 -0.405793369768074 0.135227505877547 -3.00081974547053 0.00269253901580509 0.0420682858239626
"TRINITY_DN3574_c0_g1_i1" 21512.4845338588 -0.409906358289392 0.135501857191309 -3.0250977129462 0.00248552812633733 0.0395569157127728
"TRINITY_DN3602_c0_g1_i2" 292.70721379941 1.20926117357072 0.337531408856894 3.58266265550245 0.000340109708354881 0.0100564791515385
"TRINITY_DN3605_c0_g1_i2" 263.039422145765 1.0190131166453 0.320988534075082 3.17460908559102 0.00150038482658921 0.0277966031031264
"TRINITY_DN3657_c0_g1_i1" 800.363656219887 -0.603964767030384 0.185544525949021 -3.25509342806656 0.00113355069104789 0.0230719977388795
"TRINITY_DN3665_c0_g1_i1" 2683.52468609866 -0.487011657406202 0.130398487021316 -3.73479530729978 0.000187867928193209 0.00725291407940749
"TRINITY_DN3711_c0_g1_i1" 779.909923520622 -0.642441943429164 0.188413044333325 -3.40975300145677 0.000650217377580955 0.0160119373968907
"TRINITY_DN3746_c0_g1_i14" 167.312753531778 -1.16021475259743 0.366003316022378 -3.16995694248435 0.001524615282131 0.0280716856869905
"TRINITY_DN3764_c0_g2_i2" 723.246995395127 0.710087031868728 0.231661781381192 3.06518851592659 0.00217532835510624 0.0361587913248771
"TRINITY_DN3765_c0_g1_i1" 8957.469634803 0.73480912717731 0.227427898922409 3.23095420860395 0.00123377703996519 0.0244093783440393
"TRINITY_DN3769_c0_g1_i1" 2965.632392753 0.464758871218105 0.14239478914846 3.26387555329395 0.00109899425851443 0.0227556458233577
"TRINITY_DN3827_c0_g1_i4" 284.579651941008 1.71848920052957 0.386833349296561 4.44245358797158 8.89388218713067e-06 0.00061884873264872
"TRINITY_DN3873_c0_g1_i8" 9834.97758505868 -0.964754540391508 0.244007872541589 -3.95378448384723 7.69247037084894e-05 0.00371223731444839
"TRINITY_DN391_c0_g1_i4" 678.796006314068 -1.22543166919009 0.266151437334167 -4.60426470532823 4.13925706971033e-06 0.000334720463583062
"TRINITY_DN393_c0_g1_i6" 524.068043495536 0.78730704061673 0.210484024379999 3.74045984219382 0.000183683893108923 0.00716927408499585
"TRINITY_DN3945_c0_g1_i2" 849.349886534246 0.678503818266878 0.175149670013557 3.87385153631383 0.000107128690085011 0.0049793797329747
"TRINITY_DN398_c0_g1_i2" 260.205762903759 -0.892490561519859 0.289258560736961 -3.08544217065179 0.0020324974421459 0.0349496111890836
"TRINITY_DN40_c0_g1_i4" 267.557869438597 1.01974017580196 0.342526865534849 2.97711005590659 0.00290979536025876 0.0443058916941181
"TRINITY_DN400_c0_g2_i1" 9933.49228232729 -0.370130765609909 0.112569435282782 -3.28802187450008 0.00100893999846097 0.0214095636552852
"TRINITY_DN4001_c1_g1_i9" 446.398702834831 -0.801472099027301 0.252284269778279 -3.17686116431943 0.0014887828819733 0.0276673191482243
"TRINITY_DN402_c0_g1_i18" 10989.1475281437 0.63712870781112 0.165215789653201 3.85634272092575 0.000115096092722507 0.00516944430805223
"TRINITY_DN4033_c0_g1_i1" 181.295541425164 -1.10720619905383 0.333467963107738 -3.32027757249984 0.00089927987344835 0.0199307065285738
"TRINITY_DN4045_c0_g1_i1" 2137.97577133311 -0.664542823847268 0.215686975619141 -3.08105216803037 0.00206270505662322 0.0352663630252381
"TRINITY_DN4064_c0_g1_i2" 1353.17810059455 0.997198280830998 0.220541879329893 4.52158240358223 6.13790568314091e-06 0.000464926931745762
"TRINITY_DN416_c0_g2_i2" 1725.22821575379 0.605286628621389 0.157767922570326 3.8365633441841 0.00012476802525211 0.00541023089209151
"TRINITY_DN4170_c0_g1_i1" 649.193375985697 -0.806795783829787 0.208767729078842 -3.86456176627325 0.00011128882666686 0.00512271029826529
"TRINITY_DN4171_c0_g1_i1" 249.214739988205 1.13360453910581 0.313414328384094 3.61695186352986 0.00029809271306339 0.00924241862679444
"TRINITY_DN420_c0_g1_i2" 1555.36691083062 -0.596711970679094 0.149179444487965 -3.9999610718971 6.33529039911025e-05 0.00321274387697252
"TRINITY_DN4298_c1_g1_i1" 690.024736614883 -0.709286905816211 0.231706808615262 -3.06113967930027 0.00220496205118529 0.0362934462249381
"TRINITY_DN4370_c0_g1_i2" 1033.187919955 0.625501100174485 0.165643581515041 3.77618676469928 0.000159247602912615 0.00648256908727271
"TRINITY_DN4377_c0_g1_i1" 2061.1222576035 1.46625366140711 0.361725404350923 4.05349926704248 5.04571580875186e-05 0.00274486939996101
"TRINITY_DN4398_c0_g1_i1" 3502.84894875546 -0.468928789759727 0.124575086605901 -3.76422607871191 0.000167065687329988 0.00675487211474763
"TRINITY_DN4467_c0_g1_i1" 1217.04764621781 -0.544856081525277 0.185796276642614 -2.93254575049063 0.00336195384726263 0.0482444408201908
"TRINITY_DN453_c0_g1_i6" 518.384582710438 -0.838666874093898 0.246084041023208 -3.40805064240149 0.000654287505227353 0.0160461329150839
"TRINITY_DN456_c2_g1_i13" 1278.12515867047 0.532540178644263 0.165196477206227 3.22367757261224 0.00126555806569504 0.024829834311866
"TRINITY_DN460_c0_g1_i2" 164.050552867885 -1.16616956928331 0.351725176589395 -3.31557035692302 0.000914563162451615 0.0201203895739355
"TRINITY_DN464_c0_g1_i2" 1797.91323969969 1.35226486499355 0.144515825838772 9.3572095453559 8.18703043952292e-21 1.22477975375263e-17
"TRINITY_DN47_c0_g1_i9" 162.660588071226 2.67161283029531 0.873408296324689 3.05883610395904 0.00222198675132968 0.0364284074519364
"TRINITY_DN4716_c0_g1_i1" 1578.20522513018 -0.43274138649604 0.145062887118519 -2.98312955913033 0.00285317189236941 0.0436659350484362
"TRINITY_DN4749_c0_g1_i2" 124.522718033713 -3.74200861998477 0.887838438680808 -4.21474049439088 2.50065556667503e-05 0.00152693090928402
"TRINITY_DN4784_c0_g1_i1" 2531.63531475133 -0.905566165949961 0.143316021377487 -6.31866665880117 2.63829670484507e-10 9.86722967612055e-08
"TRINITY_DN48_c0_g1_i1" 414.155930206307 0.835658218447435 0.259652068009849 3.21837690280108 0.00128918293309722 0.0250469827001745
"TRINITY_DN48_c20_g1_i2" 32169.663561056 -0.55617100060733 0.167894499362615 -3.31262193055012 0.000924258280962917 0.0201852611433653
"TRINITY_DN4820_c0_g1_i1" 1953.21488195093 -1.89106181977794 0.449512575758148 -4.20691638401545 2.58878871811244e-05 0.00156477895850352
"TRINITY_DN4879_c0_g1_i1" 1382.24394386434 -0.615791442172508 0.16636569315016 -3.70143285260563 0.000214385393418003 0.00768192930666666
"TRINITY_DN4988_c0_g1_i1" 1170.73938144366 -0.696102599021188 0.208345394889844 -3.34109904079824 0.000834474499621412 0.0190591427699791
"TRINITY_DN499_c0_g1_i1" 702.373276531319 0.665186243775034 0.188259577822075 3.53334609304024 0.000410334924884453 0.0117485367966917
"TRINITY_DN4994_c0_g1_i1" 22101.9881182801 -0.421185017543789 0.14186279706673 -2.96896033528558 0.00298809164318517 0.0451533848303537
"TRINITY_DN5008_c0_g1_i2" 288.820717803875 1.47550905039507 0.41056260941547 3.59387098717 0.000325801203612179 0.00974797201207641
"TRINITY_DN5112_c0_g1_i1" 924.428337584176 -0.695108944850091 0.219676368483209 -3.16424087692993 0.00155488050208765 0.0284538376895795
"TRINITY_DN515_c0_g1_i1" 365.033170204603 -1.00689423874254 0.344667032109883 -2.9213534946433 0.00348514145652481 0.0494404036053668
"TRINITY_DN5214_c0_g1_i1" 1896.85451506564 -0.570099114784487 0.171802495581722 -3.31834012570152 0.000905541443109297 0.019995424337882
"TRINITY_DN5237_c0_g2_i1" 254.068354943619 -1.42620347937287 0.29373752776268 -4.85536693331586 1.20164024447641e-06 0.000119843587049114
"TRINITY_DN527_c0_g1_i1" 535.158371925741 1.02445843147697 0.334367091210755 3.06387338469036 0.00218491361047255 0.0362175153602984
"TRINITY_DN5356_c0_g1_i2" 1936.05841714437 -0.602559286939491 0.175275839962429 -3.43777720345629 0.000586510055258405 0.0150629878569369
"TRINITY_DN537_c0_g1_i4" 269.532706239557 1.90281914472872 0.515600165891687 3.69049366273565 0.000223819265171918 0.00785884775494029
"TRINITY_DN541_c0_g1_i1" 16900.5625026121 -0.797977247026757 0.230064638481245 -3.46849151740375 0.000523389049749018 0.0138582304145935
"TRINITY_DN5454_c0_g1_i1" 754.195572153561 0.923984946870756 0.286816964326921 3.22151428190132 0.00127515106929248 0.0248550618848411
"TRINITY_DN554_c0_g1_i2" 1308.20621515426 -0.743554901181002 0.195325109033887 -3.8067553365707 0.000140801914270651 0.00589201856640261
"TRINITY_DN555_c0_g1_i1" 1087.25732165106 0.930781397578734 0.25861343585401 3.59912235226699 0.000319292947425957 0.00960125124320063
"TRINITY_DN555_c0_g1_i2" 1227.60223746516 -0.93189862567699 0.200042787436372 -4.65849650277145 3.18527217052436e-06 0.000288798010127542
"TRINITY_DN5581_c0_g1_i1" 405.897717627056 -0.755289819481319 0.258789921646595 -2.91854417929284 0.00351670038685305 0.0497492555908479
"TRINITY_DN5595_c0_g1_i1" 201.69018329943 1.08916815457228 0.342231595014945 3.18254705420963 0.00145985792645072 0.0273849211030756
"TRINITY_DN5596_c0_g2_i1" 1667.8803121067 -0.782280698553452 0.244927555263947 -3.19392686425349 0.00140351669273367 0.0264941447612564
"TRINITY_DN56_c0_g1_i14" 5741.2127032385 0.924692449876578 0.241386872188529 3.83074871260758 0.000127753925751628 0.00549985245825715
"TRINITY_DN56_c0_g1_i16" 7840.46889983683 1.22183341219973 0.276572027140423 4.41777653666824 9.97214414672908e-06 0.000685900121540538
"TRINITY_DN560_c0_g1_i2" 215.834444264692 -1.35644105128788 0.334960458920769 -4.0495557465448 5.13149533732014e-05 0.00275423677051266
"TRINITY_DN5787_c0_g1_i1" 1152.42430757445 -0.576607980774022 0.175755273384134 -3.28074355705832 0.00103533831740808 0.021892100676219
"TRINITY_DN58_c0_g1_i2" 548.298667989805 1.17050504946714 0.229258476635088 5.10561295986556 3.29723950158183e-07 3.94613623549313e-05
"TRINITY_DN5806_c0_g1_i1" 3011.7797442382 2.79633942137583 0.241531457858968 11.5775371297955 5.35628455713399e-31 3.20520067898898e-27
"TRINITY_DN5813_c0_g1_i1" 125.055751093409 1.54620561614233 0.461715055524774 3.34883083763632 0.000811533277884023 0.0187498653855521
"TRINITY_DN5910_c0_g1_i1" 165.421025124408 -3.66160154269202 0.893710225774574 -4.09707916178147 4.18395855193722e-05 0.00238445790236118
"TRINITY_DN609_c2_g2_i1" 1267.3219929691 0.553250738922031 0.164932332314738 3.35441044916694 0.000795342919754711 0.01845230946333
"TRINITY_DN610_c0_g1_i4" 281.556842936335 1.10960613073387 0.326461445187324 3.39888874196823 0.000676602337852156 0.0164278156814467
"TRINITY_DN6111_c0_g1_i1" 1291.0593836621 0.598114774875832 0.202562426704141 2.95274293761018 0.00314964127682469 0.0466521123775221
"TRINITY_DN6129_c1_g1_i1" 4139.31488369493 -0.427341776697251 0.123623391880673 -3.45680352396204 0.000546623234328097 0.0143464624307865
"TRINITY_DN6190_c0_g1_i1" 34975.4905298784 -0.382912371138391 0.130152193061868 -2.94203549037683 0.00326062555582972 0.0475892276245976
"TRINITY_DN6234_c0_g1_i1" 357.437071770194 1.30477908465044 0.290701060909468 4.48838776359604 7.17642160759334e-06 0.000530169220985661
"TRINITY_DN630_c0_g1_i1" 1369.45999492327 -0.657733451255324 0.179868718229007 -3.65674174882319 0.000255441500881627 0.00839869198503107
"TRINITY_DN6305_c0_g1_i4" 7540.78541278846 -0.7899158409802 0.138965189401216 -5.68427132279566 1.31371573144166e-08 3.02356728344112e-06
"TRINITY_DN633_c0_g1_i1" 1925.31815934678 -0.603515267143443 0.147858590173325 -4.08170581388596 4.47063632218554e-05 0.00252380073131682
"TRINITY_DN6344_c0_g3_i1" 238.553565676268 -1.02137984306658 0.290504030735723 -3.51588871410788 0.000438284652997603 0.012371204544989
"TRINITY_DN6438_c0_g1_i1" 1262.32484123283 0.649527899201566 0.185072823139689 3.5095801111291 0.000448814833388282 0.012491664944165
"TRINITY_DN6454_c0_g1_i2" 807.758360498344 0.803008577465984 0.258686736424299 3.10417375303265 0.00190811237148433 0.0331922803225647
"TRINITY_DN65_c0_g1_i1" 741.343481554305 1.26880993065769 0.193263545355413 6.56517983422245 5.1970102981844e-11 2.22135068745253e-08
"TRINITY_DN656_c0_g1_i10" 154.589993197017 1.1470359460171 0.368316952142451 3.11426324350521 0.00184404884525044 0.0321713944314245
"TRINITY_DN6608_c0_g1_i4" 294.735515846967 -0.892717744612394 0.295225829114371 -3.02384702344778 0.00249582605631849 0.0396154459443232
"TRINITY_DN671_c0_g1_i23" 536.133568399639 1.07122811359803 0.291201077008762 3.67865436694727 0.000234467761460989 0.00797190388967361
"TRINITY_DN675_c0_g2_i1" 364.760381170048 -1.04902169866396 0.324966578573888 -3.22809103406133 0.00124619308953263 0.0245303271308002
"TRINITY_DN6753_c0_g1_i10" 3558.02307271166 -1.64819226586889 0.191689066465312 -8.59825913006441 8.09343909911276e-18 9.68622791381815e-15
"TRINITY_DN6753_c0_g1_i11" 307.612137779697 -1.71588707056097 0.311304296649207 -5.51192864676237 3.54922814225021e-08 6.43593369794706e-06
"TRINITY_DN6753_c0_g1_i3" 1074.9088957107 0.881815125327953 0.212761647705688 4.14461504146539 3.40385041930066e-05 0.00195852316433607
"TRINITY_DN6753_c0_g1_i9" 726.036570368631 -5.16706600910955 1.38916340913132 -3.71955234002359 0.000199576188574901 0.00754900090740742
"TRINITY_DN694_c0_g1_i1" 2448.28193745209 -0.500729412604831 0.166316015239234 -3.01071073573142 0.00260637017773797 0.0410434714304843
"TRINITY_DN7024_c0_g1_i9" 21559.6355043879 -0.924281143270662 0.211456454959082 -4.37102354453788 1.23665455543139e-05 0.00081320229227488
"TRINITY_DN7091_c0_g1_i2" 422.582533704256 -0.981896014036425 0.322317579895136 -3.04636195877333 0.00231628810565905 0.037710509091741
"TRINITY_DN7209_c0_g1_i2" 29966.12511254 -0.391501677780638 0.113507547421546 -3.44912463244999 0.000562407056500141 0.0146323644612906
"TRINITY_DN721_c2_g1_i1" 1946.71919523511 0.580251640436589 0.167838097728229 3.45721053974384 0.000545798247720146 0.0143464624307865
"TRINITY_DN726_c0_g1_i2" 347.199147682687 2.64365913891118 0.50058006569883 5.28119140186002 1.28346520525907e-07 1.78610599727216e-05
"TRINITY_DN726_c0_g1_i3" 780.341893246403 1.04957931499284 0.186948188778609 5.61427913182832 1.97383367842933e-08 4.07290370059348e-06
"TRINITY_DN7368_c0_g1_i1" 138.222114964169 1.38149795229161 0.435512815198664 3.17211779786877 0.00151331609439689 0.0279496404594783
"TRINITY_DN737_c0_g1_i4" 2182.06927102312 1.40721928699641 0.326839392453192 4.30553758050429 1.66580706829191e-05 0.00106044569113391
"TRINITY_DN7412_c0_g1_i3" 2005.25037919932 -0.504433668946572 0.15307506125001 -3.29533540491423 0.000983042721520347 0.0210843284787733
"TRINITY_DN746_c0_g1_i1" 2389.96403318815 0.823663604317139 0.146461646666935 5.62374944609365 1.86856615612075e-08 3.99339281365234e-06
"TRINITY_DN748_c0_g1_i1" 5589.47424391965 -1.02031127886045 0.275377685571895 -3.7051341932136 0.000211278846358876 0.00761622058199706
"TRINITY_DN75_c0_g1_i5" 305.725980639528 1.00335680882158 0.272418802028777 3.68314081608653 0.000230377812616423 0.00795749772096396
"TRINITY_DN756_c0_g1_i1" 9387.52722373986 0.656981678332941 0.176969396134236 3.71240278084354 0.000205300929487701 0.00758346149416298
"TRINITY_DN771_c0_g1_i4" 129.295633613993 1.59717711153212 0.431698982361239 3.69974722385523 0.000215814316046297 0.00768710040012526
"TRINITY_DN7726_c0_g1_i1" 2455.44497968217 -0.480783141206403 0.16407028580215 -2.93034865427231 0.00338581879334586 0.0484706690415829
"TRINITY_DN78_c0_g1_i1" 385.095692931098 1.08012928241383 0.30566601467276 3.53369112222109 0.000409799684424545 0.0117485367966917
"TRINITY_DN78_c0_g1_i2" 413.585334765457 -1.4983367530228 0.407093803634463 -3.68056880170101 0.000232714254874447 0.00795749772096396
"TRINITY_DN784_c0_g1_i2" 170.121394912962 1.13883365062457 0.358284253660355 3.17857577884 0.00148000525596762 0.0275898799118698
"TRINITY_DN791_c0_g1_i1" 1602.43426396762 -0.785950623835117 0.215225184145951 -3.65175956035953 0.000260449678122899 0.00847027648851862
"TRINITY_DN792_c0_g1_i11" 145.201907285952 -3.11113657483908 0.529027780658154 -5.88085671222894 4.08148384428386e-09 1.06189562279107e-06
"TRINITY_DN792_c0_g1_i6" 130.50660424855 2.02188800572617 0.565998751630674 3.57224817175126 0.000353929767964124 0.010381939860281
"TRINITY_DN7996_c0_g1_i1" 496.404605605494 -0.700722152609583 0.218296453699913 -3.20995664717874 0.00132754993057241 0.0252995502692526
"TRINITY_DN802_c0_g1_i1" 1463.69328508073 -0.556399817010495 0.152940111095597 -3.63802414569132 0.000274737673436488 0.00869857268700499
"TRINITY_DN815_c0_g1_i1" 594.67870946452 0.861277965213393 0.212740722985199 4.04848659498686 5.1549886079114e-05 0.00275423677051266
"TRINITY_DN824_c0_g1_i2" 1177.35766851263 -0.97455405772423 0.240365401139015 -4.0544689589522 5.02483220699542e-05 0.00274486939996101
"TRINITY_DN83_c0_g2_i2" 169.486687352762 1.48079249287085 0.399582178824624 3.70585219097263 0.000210681145286867 0.00761622058199706
"TRINITY_DN8327_c3_g1_i1" 528.058860976872 -0.978696483934256 0.210926114928725 -4.63999673186496 3.4841468805003e-06 0.000306604925484026
"TRINITY_DN8361_c1_g1_i1" 3118.48920171063 -0.8396490673786 0.221005036415453 -3.79923046550034 0.000145146071876779 0.00599002823524582
"TRINITY_DN8565_c0_g1_i1" 2002.26498272477 1.17955684888327 0.304530265594888 3.87336492344709 0.000107342912024354 0.0049793797329747
"TRINITY_DN8565_c0_g1_i2" 1540.54457082566 0.977750289234303 0.272972627095274 3.58186203370877 0.000341153955174183 0.0100564791515385
"TRINITY_DN8565_c0_g1_i3" 2052.17994301323 0.858676931222049 0.173235106874944 4.95671429834321 7.16952821695238e-07 7.66115300897197e-05
"TRINITY_DN8565_c0_g1_i4" 1772.934725306 1.58505559842018 0.435646295234446 3.63840027049277 0.000274336821962363 0.00869857268700499
"TRINITY_DN864_c0_g5_i1" 226.017552778467 -0.944134930989122 0.315360855923218 -2.99382410104504 0.00275504726787508 0.0424902135334136
"TRINITY_DN874_c1_g2_i2" 370.803108046092 1.24761301890346 0.274056759483404 4.5523891519961 5.30401085996301e-06 0.000406912833154086
"TRINITY_DN8743_c0_g1_i2" 1670.13276610541 -0.78522724225571 0.265708090896807 -2.95522518567441 0.00312440911058313 0.0464065803583738
"TRINITY_DN8785_c0_g1_i3" 998.695917483064 -0.770529738420722 0.206060308147893 -3.73934090143988 0.000184503377187393 0.00716927408499585
"TRINITY_DN8812_c0_g1_i2" 966.602661172843 -0.765495001802621 0.209876290270613 -3.64736293373396 0.000264945564190978 0.00856991489793953
"TRINITY_DN890_c0_g1_i1" 419.020449524522 -0.817273765829477 0.241083457706697 -3.39000350170759 0.000698917308976659 0.0167964705900254
"TRINITY_DN891_c0_g1_i1" 18944.5828397913 0.518769051792563 0.110879814216919 4.67866090375721 2.88754526069935e-06 0.000265831859077306
"TRINITY_DN897_c0_g2_i1" 647.796365476208 -0.81847288125804 0.221830311467298 -3.68963500003335 0.000224576030430279 0.00785884775494029
"TRINITY_DN8976_c0_g1_i1" 234.495968657662 1.32811035113741 0.328349990817857 4.04480093886812 5.23676008464258e-05 0.00277316569438064
"TRINITY_DN900_c0_g1_i2" 2070.65167569822 0.479900527590669 0.158296578518461 3.03165445571967 0.00243217451536143 0.0389172641130394
"TRINITY_DN915_c0_g1_i1" 167.577191297371 -4.09200992107559 0.815531702058559 -5.0175976123878 5.23216194216736e-07 5.79801056702398e-05
"TRINITY_DN915_c0_g1_i2" 203.194766345963 -3.47591181541906 0.76068236238748 -4.56946550529915 4.88969633944456e-06 0.000386686721764514
"TRINITY_DN929_c0_g1_i3" 475.994072612202 -0.933443545832512 0.266774243337484 -3.49900175577166 0.000467003505928979 0.0127604976231918
"TRINITY_DN933_c0_g1_i1" 2926.46762630094 0.896412591008906 0.265145589136161 3.38083161756302 0.000722668134775403 0.0171605004702223
"TRINITY_DN9354_c0_g1_i1" 9309.50205237943 -1.14064296517428 0.250500211784611 -4.55346108112295 5.27704378870073e-06 0.000406912833154086
"TRINITY_DN947_c0_g1_i4" 248.790171456371 1.21995686065689 0.401448312425591 3.03888899989588 0.00237452326349898 0.0382995881638219
"TRINITY_DN948_c0_g1_i2" 248.627352941184 1.22829245251253 0.305297230341625 4.02326759118674 5.73962206348931e-05 0.00296359887742578
"TRINITY_DN95_c0_g1_i2" 529.260207862537 0.644841385840496 0.209671759757817 3.07548039175769 0.00210163746982633 0.0355259848006802
"TRINITY_DN9528_c0_g1_i5" 133.559637051011 -1.54374875367703 0.383396921076215 -4.02650274118961 5.66125797747201e-05 0.00296359887742578
"TRINITY_DN972_c0_g1_i1" 17278.340371551 -0.457718851913403 0.138545932923962 -3.30373358678535 0.000954064508429702 0.0206701604941356
"TRINITY_DN975_c0_g1_i1" 263.419164302568 1.06262140387869 0.301011184343303 3.53017249573946 0.000415288812395445 0.0118337535874969
"TRINITY_DN983_c0_g1_i3" 133.228177783857 -10.6931130412548 1.53577098584358 -6.96270025923248 3.33811577226092e-12 2.21947608680104e-09
"TRINITY_DN9946_c0_g1_i2" 3191.1431103702 -0.79305887066746 0.213533564024743 -3.71397758609774 0.000204026872617891 0.00758320997357428
