Trinity_ID	baseMean	log2FoldChange	lfcSE	stat	pvalue	padj
TRINITY_DN1003_c0_g1_i4	26.88821346	-8.099742814	1.916726105	-4.225821724	2.38E-05	0.000871817
TRINITY_DN10053_c0_g1_i1	40.44398245	-8.688936628	1.791348703	-4.850499858	1.23E-06	6.07E-05
TRINITY_DN10053_c0_g2_i1	70.89864903	-5.867614135	1.169757712	-5.016093566	5.27E-07	2.88E-05
TRINITY_DN10062_c0_g1_i1	24.47404328	-7.964749065	1.994944614	-3.992466261	6.54E-05	0.002205639
TRINITY_DN10074_c0_g1_i1	33.58528533	-8.421180081	1.868967555	-4.505792547	6.61E-06	0.000276673
TRINITY_DN10074_c0_g2_i1	43.46756331	-8.79336119	1.810595878	-4.856611735	1.19E-06	5.91E-05
TRINITY_DN10077_c0_g1_i4	695.5457597	-2.583624095	0.713085245	-3.623163029	0.000291022	0.008764093
TRINITY_DN10183_c0_g1_i1	102.2623465	-10.02726839	1.634771432	-6.133743347	8.58E-10	1.19E-07
TRINITY_DN10190_c0_g1_i1	93.2892021	-8.475110231	1.551989288	-5.460804591	4.74E-08	3.49E-06
TRINITY_DN102_c0_g1_i5	134.0061545	-10.41723036	1.605909348	-6.486810959	8.77E-11	1.83E-08
TRINITY_DN10227_c0_g1_i1	253.5196509	-9.915019562	1.480162979	-6.698599884	2.10E-11	5.59E-09
TRINITY_DN10249_c0_g1_i1	69.72542884	-7.108701928	1.31780953	-5.394331856	6.88E-08	4.80E-06
TRINITY_DN10256_c0_g1_i1	115.2911026	-7.827172823	1.252398937	-6.249744064	4.11E-10	6.42E-08
TRINITY_DN10257_c0_g1_i1	22.88087203	-7.867181258	1.989633589	-3.954085467	7.68E-05	0.002552063
TRINITY_DN10274_c0_g1_i1	26.09105965	-8.055443587	1.960454645	-4.108967075	3.97E-05	0.00139314
TRINITY_DN10285_c0_g1_i1	16.16714583	-7.365762256	2.156192602	-3.416096619	0.000635257	0.018000475
TRINITY_DN103_c60_g1_i1	5127.779996	1.288981329	0.3566209	3.614430138	0.000301009	0.009023386
TRINITY_DN1034_c0_g1_i12	17.18535143	-7.452573657	2.212442946	-3.368481737	0.000755834	0.021203247
TRINITY_DN1035_c0_g1_i1	105.289829	2.411795661	0.695558594	3.467422704	0.000525475	0.015129521
TRINITY_DN10440_c0_g1_i1	185.0534548	-4.959812363	1.243353126	-3.989061724	6.63E-05	0.002229882
TRINITY_DN10556_c0_g1_i1	104.6609987	-10.06084601	1.653420802	-6.084867199	1.17E-09	1.55E-07
TRINITY_DN10594_c0_g1_i1	21.0916305	-7.750304312	2.074504203	-3.735979084	0.000186986	0.005836641
TRINITY_DN1061_c2_g1_i6	46.24304043	-7.41024111	1.660034658	-4.463907469	8.05E-06	0.000329024
TRINITY_DN10616_c0_g1_i1	97.31401667	-9.9559009	1.672244012	-5.95361731	2.62E-09	3.02E-07
TRINITY_DN10667_c0_g1_i1	266.0234283	-6.945735393	0.905671315	-7.669156874	1.73E-14	1.95E-11
TRINITY_DN10698_c0_g1_i2	7547.850626	1.224317004	0.352769437	3.47058695	0.000519322	0.014996286
TRINITY_DN1070_c0_g1_i3	33.38694229	-8.411444729	1.853789109	-4.537433458	5.69E-06	0.000240297
TRINITY_DN10702_c0_g1_i1	105.4886322	-7.132565109	1.132532568	-6.297889625	3.02E-10	4.86E-08
TRINITY_DN10739_c0_g1_i1	167.8192051	-6.449322532	0.975772156	-6.609455383	3.86E-11	9.20E-09
TRINITY_DN10739_c0_g2_i1	88.45486232	-9.817114608	1.658069976	-5.920808379	3.20E-09	3.58E-07
TRINITY_DN10796_c0_g1_i1	56.30775754	-6.248982827	1.313518948	-4.757436378	1.96E-06	9.05E-05
TRINITY_DN10798_c0_g1_i1	137.5275627	-6.801523847	0.992069652	-6.855893471	7.09E-12	2.43E-09
TRINITY_DN10882_c0_g1_i1	70.03429776	-7.11601363	1.321706269	-5.383959958	7.29E-08	5.03E-06
TRINITY_DN10892_c0_g1_i1	103.7964087	-8.628925639	1.542344608	-5.594680719	2.21E-08	1.84E-06
TRINITY_DN1092_c1_g1_i2	14.1890248	-7.177372256	2.233522699	-3.213476299	0.001311386	0.034943645
TRINITY_DN10957_c0_g1_i1	110.7048541	-5.419935422	1.113446898	-4.867708941	1.13E-06	5.65E-05
TRINITY_DN10957_c0_g1_i2	161.2598344	-7.734825615	1.06609958	-7.255256223	4.01E-13	2.25E-10
TRINITY_DN10994_c0_g1_i1	149.4335629	-8.20042074	1.238931424	-6.618946443	3.62E-11	8.78E-09
TRINITY_DN11044_c0_g1_i1	108.2929327	-6.462592419	1.036728841	-6.233638116	4.56E-10	7.00E-08
TRINITY_DN11067_c0_g1_i1	215.9217316	-5.559136986	1.134589129	-4.899691743	9.60E-07	4.98E-05
TRINITY_DN11169_c0_g1_i1	91.19167178	-6.535058386	1.144382395	-5.710554807	1.13E-08	1.02E-06
TRINITY_DN11188_c0_g1_i1	196.1088263	-6.125832094	1.023204026	-5.986911638	2.14E-09	2.60E-07
TRINITY_DN11228_c0_g1_i1	28.86633449	-8.202198475	1.890863735	-4.337805163	1.44E-05	0.000553824
TRINITY_DN11249_c0_g1_i1	352.5339795	-7.68177766	0.848238872	-9.056149059	1.35E-19	2.66E-15
TRINITY_DN11252_c0_g1_i1	41.46681243	-5.103219211	1.348143031	-3.785369276	0.00015348	0.004860216
TRINITY_DN1138_c0_g1_i1	32.93196607	-8.390987773	1.973917966	-4.250930341	2.13E-05	0.000786912
TRINITY_DN11384_c0_g1_i1	200.0906061	-6.53961053	0.94790555	-6.899010701	5.24E-12	1.94E-09
TRINITY_DN11402_c0_g1_i1	45.05386133	-7.429285289	1.689102619	-4.398362304	1.09E-05	0.000432435
TRINITY_DN11536_c0_g1_i1	99.75237344	-5.890163671	1.075662193	-5.475848933	4.35E-08	3.27E-06
TRINITY_DN11631_c0_g1_i1	91.82952807	-6.933153655	1.144303319	-6.058842565	1.37E-09	1.77E-07
TRINITY_DN1166_c0_g1_i2	124.0666262	-2.290603998	0.63328518	-3.617018161	0.000298016	0.008947317
TRINITY_DN11667_c0_g1_i1	28.4813847	-8.183231548	1.911753187	-4.280485369	1.86E-05	0.000701195
TRINITY_DN11689_c0_g1_i1	44.48262236	-6.477795327	1.459874666	-4.43722703	9.11E-06	0.000367807
TRINITY_DN11773_c0_g1_i1	57.51825175	-6.277187784	1.286755407	-4.878306903	1.07E-06	5.38E-05
TRINITY_DN11775_c0_g1_i1	56.57240033	-6.811778788	1.360553763	-5.006622284	5.54E-07	3.00E-05
TRINITY_DN11775_c0_g2_i1	72.41830583	-9.529096586	1.662607368	-5.731417273	9.96E-09	9.11E-07
TRINITY_DN11790_c0_g1_i1	82.24520153	-7.344218108	1.291724799	-5.685590394	1.30E-08	1.17E-06
TRINITY_DN11810_c0_g1_i1	60.79214881	-7.858732049	1.609874837	-4.881579528	1.05E-06	5.32E-05
TRINITY_DN11828_c0_g1_i1	115.788851	-7.837299469	1.27390182	-6.152200545	7.64E-10	1.07E-07
TRINITY_DN11879_c0_g1_i1	29.3890644	-8.228466518	1.898977486	-4.333103778	1.47E-05	0.000564684
TRINITY_DN11880_c0_g1_i1	124.1506534	-6.018763555	1.028482011	-5.852084422	4.85E-09	5.08E-07
TRINITY_DN11880_c0_g1_i2	57.20880269	-9.188340228	1.727461809	-5.318983134	1.04E-07	6.73E-06
TRINITY_DN11880_c0_g2_i1	163.1762562	-7.750837514	1.061758947	-7.299997362	2.88E-13	1.69E-10
TRINITY_DN11915_c0_g1_i1	121.8862933	-7.335786488	1.100014599	-6.668808298	2.58E-11	6.50E-09
TRINITY_DN11956_c0_g1_i1	254.2861342	-6.293978911	1.048510931	-6.002778534	1.94E-09	2.41E-07
TRINITY_DN11972_c0_g1_i1	132.8984392	-7.458804791	1.087772038	-6.856955806	7.03E-12	2.43E-09
TRINITY_DN11979_c0_g1_i1	39.37758537	-6.298112149	1.453812806	-4.332134182	1.48E-05	0.000565138
TRINITY_DN11979_c0_g2_i1	54.2495114	-7.69450657	1.626965792	-4.729359773	2.25E-06	0.000102764
TRINITY_DN11981_c1_g1_i1	35.7749946	-8.510550107	1.9183834	-4.436313464	9.15E-06	0.000368015
TRINITY_DN12040_c0_g1_i1	18.10508498	-6.114285625	1.940581214	-3.150749672	0.00162852	0.042193473
TRINITY_DN12109_c0_g1_i2	39.88794387	-8.669318857	1.823055911	-4.755377388	1.98E-06	9.12E-05
TRINITY_DN12117_c0_g1_i1	63.62864558	-4.897279434	1.233803983	-3.969252413	7.21E-05	0.002407159
TRINITY_DN12218_c0_g1_i1	80.91812701	-7.321616363	1.297223815	-5.644065639	1.66E-08	1.45E-06
TRINITY_DN12220_c0_g1_i1	100.5308388	-7.06549011	1.147187033	-6.158969641	7.32E-10	1.04E-07
TRINITY_DN12300_c0_g1_i1	343.2370762	-6.040652519	1.137383375	-5.311008275	1.09E-07	6.98E-06
TRINITY_DN12356_c0_g1_i1	123.8248915	-5.461347685	1.103806901	-4.947738305	7.51E-07	3.94E-05
TRINITY_DN12356_c0_g2_i1	204.2469627	-6.299361375	0.980915395	-6.421921206	1.35E-10	2.54E-08
TRINITY_DN12373_c0_g1_i1	157.2746694	-5.808217131	1.064571014	-5.455922671	4.87E-08	3.56E-06
TRINITY_DN1242_c0_g1_i10	234.9552275	-1.644084934	0.51924192	-3.166317803	0.00154382	0.040425067
TRINITY_DN12552_c0_g1_i1	115.0477385	-5.909657187	1.042968434	-5.666189882	1.46E-08	1.29E-06
TRINITY_DN12575_c0_g1_i1	16.87761887	-7.427312446	2.14038234	-3.470086772	0.00052029	0.015002211
TRINITY_DN12596_c0_g1_i1	122.1303164	-6.632058562	1.008686239	-6.574947002	4.87E-11	1.10E-08
TRINITY_DN12720_c0_g1_i1	67.88823448	-9.435831937	1.672505575	-5.64173422	1.68E-08	1.46E-06
TRINITY_DN12752_c0_g1_i1	50.41360024	-4.725287697	1.303087736	-3.62622375	0.000287596	0.008674201
TRINITY_DN12819_c0_g1_i1	96.18187606	-9.938723694	1.632020927	-6.089826134	1.13E-09	1.51E-07
TRINITY_DN1282_c2_g1_i4	32.82371292	-8.388420896	1.932025138	-4.34177627	1.41E-05	0.000546043
TRINITY_DN12838_c0_g1_i1	66.84391102	-9.413619142	1.677132611	-5.61292475	1.99E-08	1.69E-06
TRINITY_DN12852_c0_g1_i1	55.68565788	-9.149892489	1.709128321	-5.353543312	8.62E-08	5.79E-06
TRINITY_DN12977_c0_g1_i1	108.1137555	-8.689154087	1.55996642	-5.570090467	2.55E-08	2.07E-06
TRINITY_DN12977_c0_g2_i1	169.4838806	-5.608600893	1.101920714	-5.089840695	3.58E-07	2.00E-05
TRINITY_DN1298_c0_g1_i7	20.78734571	7.965656158	2.032057215	3.919996003	8.86E-05	0.00288302
TRINITY_DN13010_c0_g1_i1	70.48126439	-6.557556506	1.196303138	-5.481517432	4.22E-08	3.18E-06
TRINITY_DN13034_c0_g1_i1	2661.214908	-9.248818311	2.439027976	-3.792009933	0.000149433	0.004755014
TRINITY_DN13047_c0_g1_i1	246.9256444	-6.461785293	1.019409116	-6.338755651	2.32E-10	4.00E-08
TRINITY_DN13050_c0_g1_i1	153.9711665	-6.169638866	1.017590365	-6.062988681	1.34E-09	1.76E-07
TRINITY_DN13060_c0_g1_i1	55.15145425	-6.776427621	1.369050365	-4.949728509	7.43E-07	3.92E-05
TRINITY_DN13065_c0_g1_i1	85.50471701	-9.76922555	1.674182925	-5.835219916	5.37E-09	5.50E-07
TRINITY_DN13067_c0_g1_i1	85.75965759	-6.841995958	1.18723744	-5.762955017	8.27E-09	7.81E-07
TRINITY_DN13081_c0_g1_i1	254.2435198	-5.540605801	1.159292575	-4.779298963	1.76E-06	8.27E-05
TRINITY_DN1309_c0_g2_i1	47.17204066	5.750253578	1.286082221	4.471139936	7.78E-06	0.000320086
TRINITY_DN13151_c0_g1_i1	48.96474089	-8.964937314	1.757082787	-5.10217127	3.36E-07	1.89E-05
TRINITY_DN1317_c0_g1_i14	34.23131109	3.973917415	1.063084616	3.738100763	0.000185416	0.005796818
TRINITY_DN13178_c0_g1_i1	233.0157228	-5.980366727	1.060585933	-5.638738493	1.71E-08	1.48E-06
TRINITY_DN13185_c1_g1_i1	524.7432791	1.418071264	0.454056157	3.123118673	0.001789456	0.045939489
TRINITY_DN13208_c0_g1_i1	151.2008336	-5.442296036	1.119873913	-4.859739989	1.18E-06	5.84E-05
TRINITY_DN13218_c0_g1_i1	208.1406317	-6.100984391	1.020244862	-5.979921702	2.23E-09	2.69E-07
TRINITY_DN13240_c0_g1_i1	56.14356588	-4.889461565	1.3350097	-3.662491414	0.000249774	0.007587679
TRINITY_DN13274_c0_g1_i1	145.6113743	-9.117103992	1.522096581	-5.98983278	2.10E-09	2.57E-07
TRINITY_DN133_c0_g1_i1	28.08810775	-8.163671274	1.982296502	-4.118289703	3.82E-05	0.001347581
TRINITY_DN13366_c0_g1_i1	144.4666475	-6.080885745	1.044790666	-5.820195322	5.88E-09	5.93E-07
TRINITY_DN13440_c0_g1_i1	276.1526062	-5.919261864	1.117153388	-5.298522055	1.17E-07	7.45E-06
TRINITY_DN13468_c0_g1_i1	35.59785139	-8.505249794	1.865564157	-4.559076547	5.14E-06	0.000219169
TRINITY_DN1347_c1_g1_i15	17.7195394	6.295507707	1.961610493	3.209356663	0.001330324	0.03535245
TRINITY_DN13473_c0_g1_i1	16.47601476	-7.394105584	2.20805025	-3.348703492	0.000811906	0.022551043
TRINITY_DN13488_c0_g1_i1	41.83307381	-7.320423389	1.67762607	-4.363560818	1.28E-05	0.000500274
TRINITY_DN135_c0_g1_i1	180.2682923	-10.84452902	1.573886239	-6.890287715	5.57E-12	2.03E-09
TRINITY_DN135_c0_g2_i1	79.19145855	-9.657993613	1.648633511	-5.858181061	4.68E-09	4.95E-07
TRINITY_DN135_c0_g2_i2	572.4941765	-12.5117179	1.535738053	-8.147039054	3.73E-16	1.47E-12
TRINITY_DN135_c0_g2_i3	232.5951678	-6.614285088	0.94723988	-6.982692795	2.90E-12	1.14E-09
TRINITY_DN13511_c0_g1_i1	104.3370322	-5.214969003	1.159524194	-4.497507711	6.88E-06	0.000286454
TRINITY_DN13518_c0_g1_i1	114.9770531	-10.19601452	1.604350031	-6.355230667	2.08E-10	3.69E-08
TRINITY_DN13520_c0_g1_i1	92.50330724	-5.436942995	1.117483204	-4.865346502	1.14E-06	5.70E-05
TRINITY_DN13534_c0_g1_i1	177.2241396	-5.672792912	1.088350527	-5.212284803	1.87E-07	1.12E-05
TRINITY_DN13549_c0_g1_i1	67.66638779	-5.337697938	1.196309589	-4.461803188	8.13E-06	0.000331583
TRINITY_DN13609_c0_g1_i1	133.8350657	-10.41540789	1.60851634	-6.475164491	9.47E-11	1.88E-08
TRINITY_DN13650_c0_g1_i1	100.5313951	-10.0023974	1.620598079	-6.172040763	6.74E-10	9.82E-08
TRINITY_DN13738_c0_g1_i7	49.9988416	-3.809911347	1.226763715	-3.105660284	0.001898547	0.048361303
TRINITY_DN13771_c0_g1_i1	163.9361599	-5.867000645	1.049189691	-5.591935088	2.25E-08	1.86E-06
TRINITY_DN13887_c0_g1_i1	239.4850845	-7.132422987	0.897491378	-7.947065741	1.91E-15	3.76E-12
TRINITY_DN13922_c0_g1_i1	68.07137712	-8.022223891	1.601416903	-5.009453738	5.46E-07	2.97E-05
TRINITY_DN13927_c0_g1_i1	133.772254	-6.519528285	1.018197047	-6.40301237	1.52E-10	2.77E-08
TRINITY_DN13950_c0_g1_i1	111.5203548	-5.866770027	1.059320464	-5.538239112	3.06E-08	2.41E-06
TRINITY_DN13969_c0_g1_i1	18.02641381	-7.524219621	2.272695131	-3.310703454	0.000930618	0.025488298
TRINITY_DN14004_c0_g1_i1	327.6758841	-6.975610397	0.910057726	-7.665019696	1.79E-14	1.95E-11
TRINITY_DN14007_c0_g1_i1	36.46048615	-8.538145392	1.863656994	-4.581393153	4.62E-06	0.000199189
TRINITY_DN14033_c0_g1_i1	81.57670579	-5.25603153	1.152527921	-4.560437481	5.10E-06	0.000218227
TRINITY_DN14048_c0_g1_i2	181.4237524	2.374908189	0.589202499	4.030716425	5.56E-05	0.001888625
TRINITY_DN1406_c0_g1_i6	54.71455052	9.360530525	1.78336186	5.24881166	1.53E-07	9.44E-06
TRINITY_DN14158_c0_g1_i1	56.5637556	-7.759226238	1.690243166	-4.59059761	4.42E-06	0.00019229
TRINITY_DN14222_c0_g1_i1	74.9785833	-9.579186162	1.656898718	-5.781395118	7.41E-09	7.25E-07
TRINITY_DN1425_c0_g1_i2	57.74932331	-9.202374234	1.702115316	-5.40643407	6.43E-08	4.52E-06
TRINITY_DN14279_c0_g1_i1	14.69396402	-7.227217874	2.22951111	-3.241615547	0.001188542	0.031973579
TRINITY_DN1435_c0_g1_i3	242.3100792	-1.64967799	0.521750218	-3.161815626	0.001567888	0.040891934
TRINITY_DN14371_c0_g1_i1	29.83029417	-5.905449793	1.543629083	-3.825692234	0.000130405	0.004163014
TRINITY_DN1439_c0_g1_i1	55.09293377	9.373960635	1.731516677	5.413728184	6.17E-08	4.38E-06
TRINITY_DN14402_c0_g1_i1	295.156917	-8.19841817	0.94414155	-8.683462948	3.84E-18	2.88E-14
TRINITY_DN1442_c0_g1_i14	20.76497087	-7.726035277	2.055814496	-3.75813834	0.000171182	0.005377474
TRINITY_DN1442_c0_g1_i9	21.33047298	-7.765282462	2.017379356	-3.849192984	0.000118508	0.003814161
TRINITY_DN1445_c2_g1_i3	106.0290144	-2.452945139	0.759081084	-3.231466558	0.001231567	0.032995602
TRINITY_DN14490_c0_g1_i1	25.27006071	-8.010531116	1.950884564	-4.106102055	4.02E-05	0.001408013
TRINITY_DN14492_c0_g1_i1	120.7412251	-6.923069965	1.039409521	-6.660579708	2.73E-11	6.79E-09
TRINITY_DN14551_c0_g1_i1	32.59206123	-8.377958264	1.88807258	-4.437307313	9.11E-06	0.000367807
TRINITY_DN1456_c0_g1_i1	36.10165423	-8.524431719	1.820466378	-4.682553779	2.83E-06	0.000128081
TRINITY_DN14571_c0_g1_i1	49.87961138	-8.990872468	1.735585211	-5.180311754	2.22E-07	1.30E-05
TRINITY_DN14754_c0_g1_i1	110.9341302	-10.14413155	1.609776792	-6.301576466	2.95E-10	4.79E-08
TRINITY_DN14967_c0_g1_i1	15.2000396	-7.277783129	2.247674061	-3.23791748	0.001204056	0.032346677
TRINITY_DN14976_c0_g1_i1	270.5453781	-5.266462958	1.222639343	-4.307454188	1.65E-05	0.000626943
TRINITY_DN15_c0_g1_i6	269.2286897	-5.125714184	1.129351587	-4.538634595	5.66E-06	0.000239446
TRINITY_DN15004_c0_g1_i1	103.1312982	-7.667984883	1.26558038	-6.05886833	1.37E-09	1.77E-07
TRINITY_DN1503_c0_g1_i4	27.3871672	8.360936897	2.072328882	4.034560812	5.47E-05	0.001861184
TRINITY_DN15054_c0_g1_i1	103.2843815	-5.201745682	1.175814952	-4.423949255	9.69E-06	0.000387356
TRINITY_DN15066_c0_g1_i1	38.77044743	-6.278374312	1.468958534	-4.274030999	1.92E-05	0.000719066
TRINITY_DN15095_c0_g1_i1	57.08275884	-9.186247929	1.726564518	-5.320535569	1.03E-07	6.71E-06
TRINITY_DN15131_c0_g1_i1	285.0810232	-5.964085138	1.09630446	-5.440172283	5.32E-08	3.85E-06
TRINITY_DN15180_c0_g1_i1	132.2405433	-5.810220992	1.078418973	-5.387721411	7.14E-08	4.96E-06
TRINITY_DN152_c0_g1_i12	576.3961668	2.834892759	0.420476738	6.742091787	1.56E-11	4.39E-09
TRINITY_DN15286_c0_g1_i1	41.19722769	-8.71533746	1.779783758	-4.89685189	9.74E-07	5.00E-05
TRINITY_DN15290_c0_g1_i1	65.44625383	-6.452534595	1.213019625	-5.319398352	1.04E-07	6.73E-06
TRINITY_DN15302_c0_g1_i1	249.8835606	-6.17039802	1.03585585	-5.95681148	2.57E-09	2.99E-07
TRINITY_DN15359_c0_g1_i1	83.25137718	-5.633778096	1.132144037	-4.976202598	6.48E-07	3.46E-05
TRINITY_DN15383_c0_g1_i1	209.4174017	-7.149862191	0.915588282	-7.809036366	5.76E-15	7.55E-12
TRINITY_DN1542_c0_g1_i6	29.21570287	-8.218174387	2.026355842	-4.055642261	5.00E-05	0.001715856
TRINITY_DN15431_c0_g1_i1	50.68768267	-7.597164518	1.641783073	-4.627386311	3.70E-06	0.000163643
TRINITY_DN1545_c0_g1_i2	98.33108589	-9.970570131	1.627400602	-6.126684555	8.97E-10	1.23E-07
TRINITY_DN1568_c1_g1_i8	19.0696009	-7.603265892	2.08781382	-3.641735589	0.000270806	0.008192927
TRINITY_DN15786_c0_g1_i1	123.3950565	-7.358793901	1.125135676	-6.54036136	6.14E-11	1.36E-08
TRINITY_DN15855_c0_g1_i1	212.0471255	-8.12488318	1.035586814	-7.845680408	4.31E-15	7.06E-12
TRINITY_DN15857_c0_g1_i1	173.398384	-7.444605881	1.019485604	-7.302315844	2.83E-13	1.69E-10
TRINITY_DN15951_c0_g1_i1	79.1866194	-6.018500833	1.106790831	-5.437794262	5.39E-08	3.89E-06
TRINITY_DN1596_c0_g1_i2	29.95229378	-8.254183431	1.983403243	-4.161626467	3.16E-05	0.001131862
TRINITY_DN15999_c0_g1_i1	137.0235451	-5.303960829	1.192987024	-4.445950142	8.75E-06	0.000356072
TRINITY_DN1601_c0_g1_i9	22.14428112	-7.81975785	1.998180028	-3.9134401	9.10E-05	0.002957567
TRINITY_DN16091_c0_g1_i1	35.49136974	-6.160293894	1.543724089	-3.990540757	6.59E-05	0.002219815
TRINITY_DN16095_c0_g1_i1	47.18269014	-8.910942931	1.74489103	-5.106876462	3.28E-07	1.85E-05
TRINITY_DN16095_c0_g2_i1	138.4828537	-10.46437484	1.587430897	-6.592019132	4.34E-11	1.02E-08
TRINITY_DN16100_c0_g1_i1	163.3493791	-6.587797391	0.952973094	-6.912889181	4.75E-12	1.80E-09
TRINITY_DN16115_c0_g1_i1	195.0934497	-6.513055407	1.005070082	-6.480200261	9.16E-11	1.88E-08
TRINITY_DN16115_c0_g1_i2	39.80012673	-8.664671489	1.828603777	-4.738408396	2.15E-06	9.87E-05
TRINITY_DN16115_c0_g2_i1	112.0807791	-4.828045399	1.220898336	-3.9545024	7.67E-05	0.002551928
TRINITY_DN16159_c0_g1_i1	57.73470305	-5.88453622	1.246584081	-4.720528932	2.35E-06	0.000106804
TRINITY_DN16220_c0_g1_i1	84.42975409	-5.86058338	1.093790831	-5.358047639	8.41E-08	5.72E-06
TRINITY_DN16221_c0_g1_i1	243.8397841	-6.821487805	0.916827383	-7.440318574	1.00E-13	7.90E-11
TRINITY_DN16245_c0_g1_i1	96.10071738	-5.49390012	1.121966358	-4.896670995	9.75E-07	5.00E-05
TRINITY_DN16252_c0_g1_i1	137.2352692	-10.4516576	1.615667776	-6.468939817	9.87E-11	1.94E-08
TRINITY_DN16323_c0_g1_i1	192.4506146	-5.702769684	1.089031297	-5.236552614	1.64E-07	9.96E-06
TRINITY_DN16359_c0_g1_i1	228.6417786	-6.236827369	1.00923739	-6.179742677	6.42E-10	9.42E-08
TRINITY_DN16375_c0_g1_i1	144.0207933	-8.145343708	1.229894944	-6.622796321	3.52E-11	8.66E-09
TRINITY_DN164_c0_g1_i2	798.4888508	25.24367385	4.78481017	5.275794223	1.32E-07	8.28E-06
TRINITY_DN16508_c0_g1_i1	186.9329532	-7.543653809	0.97495377	-7.737447703	1.01E-14	1.25E-11
TRINITY_DN16574_c0_g1_i1	52.93763728	-9.07726572	1.726001086	-5.259130943	1.45E-07	8.98E-06
TRINITY_DN166_c0_g1_i2	20.4935504	6.512802605	2.008268122	3.242994565	0.001182805	0.031906521
TRINITY_DN1660_c0_g1_i2	15.92830335	-7.345728015	2.327222608	-3.156435483	0.001597102	0.041543669
TRINITY_DN16613_c0_g1_i1	105.781403	-10.07599708	1.623759268	-6.205351544	5.46E-10	8.32E-08
TRINITY_DN16648_c0_g1_i1	295.3987702	-6.239909992	1.040339924	-5.997953023	2.00E-09	2.47E-07
TRINITY_DN16661_c0_g1_i1	132.0416202	-6.286072423	0.997188564	-6.303795142	2.90E-10	4.76E-08
TRINITY_DN16687_c0_g1_i1	197.2765005	-10.97480132	1.561754057	-7.027227667	2.11E-12	8.81E-10
TRINITY_DN16723_c0_g1_i1	77.83940254	-9.633449956	1.658249114	-5.809410585	6.27E-09	6.29E-07
TRINITY_DN16724_c0_g1_i1	72.61122957	-7.166371565	1.310381584	-5.468919628	4.53E-08	3.37E-06
TRINITY_DN16753_c0_g1_i1	82.04167788	-9.708621751	1.657657677	-5.856831531	4.72E-09	4.96E-07
TRINITY_DN16756_c0_g1_i1	93.70634808	-5.799603529	1.082778501	-5.356223383	8.50E-08	5.76E-06
TRINITY_DN16759_c0_g1_i1	83.12102651	-6.792192804	1.164956629	-5.830425473	5.53E-09	5.62E-07
TRINITY_DN16775_c0_g1_i1	52.84376572	-9.074859938	1.735653858	-5.228496394	1.71E-07	1.03E-05
TRINITY_DN16802_c0_g1_i1	61.22885699	-4.844202245	1.278481282	-3.789028682	0.000151237	0.004796911
TRINITY_DN1684_c0_g1_i8	25.72390057	-8.036198676	1.943202484	-4.135543641	3.54E-05	0.001256982
TRINITY_DN1688_c1_g1_i7	23.18432167	-5.551669195	1.681714744	-3.30119553	0.000962738	0.026258302
TRINITY_DN16881_c0_g1_i1	74.11166563	-7.203259246	1.350570789	-5.333492555	9.63E-08	6.34E-06
TRINITY_DN16881_c0_g2_i1	40.11959557	-8.67787299	1.856319137	-4.674774298	2.94E-06	0.000132425
TRINITY_DN16891_c0_g1_i1	103.1950077	-10.0402261	1.622289945	-6.188922103	6.06E-10	8.97E-08
TRINITY_DN16921_c0_g1_i1	105.5590001	-5.492834556	1.18740357	-4.625920534	3.73E-06	0.000164436
TRINITY_DN16938_c0_g1_i1	84.37662066	-7.380040743	1.285678345	-5.740192149	9.46E-09	8.73E-07
TRINITY_DN16981_c0_g1_i1	58.9492176	-9.232532401	1.70971176	-5.400051996	6.66E-08	4.66E-06
TRINITY_DN17021_c0_g1_i1	32.47352574	-6.955669061	1.738294441	-4.001433184	6.30E-05	0.002130995
TRINITY_DN17052_c0_g1_i1	185.0538844	-6.973162808	0.929363602	-7.503158927	6.23E-14	5.33E-11
TRINITY_DN17062_c0_g1_i1	63.46982541	-9.338806471	1.684520366	-5.543896445	2.96E-08	2.35E-06
TRINITY_DN17095_c0_g1_i1	137.5860915	-9.034517973	1.514805547	-5.964143708	2.46E-09	2.89E-07
TRINITY_DN17136_c0_g3_i1	26.12684333	-6.537140331	2.020109339	-3.236032924	0.001212034	0.032516575
TRINITY_DN172_c0_g1_i2	105.9763369	-10.07821342	1.613387626	-6.246616283	4.19E-10	6.49E-08
TRINITY_DN17219_c0_g1_i1	88.72841241	-7.455219519	1.295905259	-5.75290475	8.77E-09	8.21E-07
TRINITY_DN17364_c0_g1_i1	117.1076773	-6.115512341	1.023147969	-5.977153377	2.27E-09	2.72E-07
TRINITY_DN17377_c0_g1_i1	26.00665162	-8.052147613	1.949450358	-4.130470714	3.62E-05	0.001282729
TRINITY_DN17498_c0_g1_i1	120.2041925	-5.811896098	1.04838338	-5.543674391	2.96E-08	2.35E-06
TRINITY_DN17579_c0_g1_i1	34.38016639	-8.453678635	1.848603474	-4.573008087	4.81E-06	0.000206427
TRINITY_DN17590_c0_g1_i1	126.8550041	-6.992720615	1.029267374	-6.793881545	1.09E-11	3.27E-09
TRINITY_DN17601_c0_g1_i1	185.5286854	-6.293134035	0.995793005	-6.319721072	2.62E-10	4.40E-08
TRINITY_DN17633_c0_g1_i1	440.4881544	-7.289900301	0.93146687	-7.826258273	5.03E-15	7.06E-12
TRINITY_DN17693_c0_g1_i1	7841.887862	-7.384558316	1.0236142	-7.214200734	5.43E-13	2.89E-10
TRINITY_DN17820_c0_g1_i1	75.44738488	-6.654715576	1.186101177	-5.610580027	2.02E-08	1.70E-06
TRINITY_DN1796_c0_g1_i1	506739.6382	1.709955683	0.464260658	3.683180243	0.000230342	0.007055574
TRINITY_DN17988_c0_g1_i1	34.66405382	-8.466639562	1.846041736	-4.586374943	4.51E-06	0.000195785
TRINITY_DN17988_c0_g2_i1	36.17976917	-5.212932948	1.362293022	-3.826587131	0.000129932	0.00415466
TRINITY_DN1801_c0_g1_i4	137.8066721	5.425594156	1.383386497	3.92196553	8.78E-05	0.002864292
TRINITY_DN18010_c0_g1_i1	812.7740061	-7.392963024	2.227138731	-3.319489226	0.000901823	0.02476864
TRINITY_DN18026_c0_g1_i1	142.9928855	-6.607810545	0.974744778	-6.779016104	1.21E-11	3.55E-09
TRINITY_DN18057_c0_g1_i1	177.6781153	-10.82410757	1.579401714	-6.853296077	7.22E-12	2.43E-09
TRINITY_DN18060_c0_g1_i1	120.4956122	-5.020345479	1.185738592	-4.233939516	2.30E-05	0.000844061
TRINITY_DN18202_c0_g1_i1	23.24084032	-7.890078019	2.00737098	-3.930552995	8.48E-05	0.002777705
TRINITY_DN1829_c0_g1_i11	22.11816326	-7.817451444	2.005935161	-3.897160585	9.73E-05	0.003153109
TRINITY_DN18309_c0_g1_i1	96.07055527	-5.838253348	1.095075028	-5.331372919	9.75E-08	6.39E-06
TRINITY_DN18326_c0_g1_i1	129.1995132	-5.037937329	1.198410708	-4.203848727	2.62E-05	0.00095104
TRINITY_DN18376_c0_g1_i1	61.99777996	-9.305292681	1.701943745	-5.467450207	4.57E-08	3.39E-06
TRINITY_DN18423_c0_g1_i1	68.05189381	-6.10987414	1.157970365	-5.27636486	1.32E-07	8.28E-06
TRINITY_DN18522_c0_g1_i1	149.3429407	-5.852903202	1.05770703	-5.53357691	3.14E-08	2.47E-06
TRINITY_DN18533_c0_g1_i1	95.57473812	-9.929757706	1.648949664	-6.021868296	1.72E-09	2.17E-07
TRINITY_DN18572_c0_g1_i1	82.41010003	-4.372858198	1.31048834	-3.336815799	0.000847441	0.023471727
TRINITY_DN18623_c0_g1_i1	174.682209	-5.957696395	1.032190887	-5.771894007	7.84E-09	7.53E-07
TRINITY_DN1871_c0_g1_i8	19.72064741	-7.652105044	2.053854707	-3.725728512	0.000194752	0.006038438
TRINITY_DN18738_c0_g1_i1	70.53810061	-7.126447579	1.325439891	-5.376665985	7.59E-08	5.22E-06
TRINITY_DN1887_c0_g1_i1	21.77134054	8.032078995	2.014729868	3.986677879	6.70E-05	0.002248552
TRINITY_DN18884_c0_g1_i1	110.7430258	-5.303145608	1.159615214	-4.573194231	4.80E-06	0.000206427
TRINITY_DN18915_c0_g1_i1	67.20274294	-9.421010231	1.676207764	-5.620431092	1.90E-08	1.63E-06
TRINITY_DN18972_c0_g1_i1	40.19454005	-8.679209271	1.797333137	-4.828937436	1.37E-06	6.70E-05
TRINITY_DN18995_c0_g1_i1	110.6384515	-8.720897822	1.536742864	-5.674923261	1.39E-08	1.23E-06
TRINITY_DN19038_c0_g1_i1	291.8429169	-6.694245115	0.947814002	-7.062825728	1.63E-12	7.13E-10
TRINITY_DN19103_c0_g1_i1	128.3367518	-10.35479884	1.602838586	-6.460287976	1.05E-10	2.03E-08
TRINITY_DN19156_c0_g1_i1	161.3715995	-5.632440544	1.089008353	-5.172082039	2.31E-07	1.35E-05
TRINITY_DN1924_c1_g1_i8	13.25667061	7.319099534	2.295592637	3.188326803	0.001430987	0.037721663
TRINITY_DN19247_c0_g1_i1	162.5321068	-6.406123989	0.992788669	-6.452656231	1.10E-10	2.12E-08
TRINITY_DN19282_c0_g1_i1	65.07052891	-5.277327074	1.179870749	-4.472801008	7.72E-06	0.000318275
TRINITY_DN19312_c0_g1_i1	116.4557331	-7.271112417	1.109004148	-6.556433921	5.51E-11	1.23E-08
TRINITY_DN1943_c0_g1_i4	134.4191223	-23.83615967	4.78511314	-4.981315796	6.32E-07	3.37E-05
TRINITY_DN1946_c0_g1_i1	19.2334989	-7.617406703	2.140443597	-3.558798144	0.000372556	0.011050239
TRINITY_DN19528_c0_g1_i1	129.3486643	-7.025863003	1.051883775	-6.679314931	2.40E-11	6.21E-09
TRINITY_DN19757_c0_g1_i1	139.1583494	-6.031199261	1.07798525	-5.594881061	2.21E-08	1.84E-06
TRINITY_DN1982_c0_g1_i10	44.4920859	-6.490250417	1.543943643	-4.2036835	2.63E-05	0.00095104
TRINITY_DN19841_c0_g1_i1	26.8121326	-8.096594719	1.99617893	-4.056046579	4.99E-05	0.001715856
TRINITY_DN19872_c0_g1_i1	256.0112439	-5.611295754	1.152235581	-4.869920566	1.12E-06	5.60E-05
TRINITY_DN19894_c0_g1_i1	31.30088568	-6.903626056	1.755686963	-3.93215089	8.42E-05	0.002763907
TRINITY_DN19954_c0_g1_i1	39.94996071	-7.255617191	1.705354624	-4.254609034	2.09E-05	0.000775544
TRINITY_DN19992_c0_g1_i1	83.29785216	-7.361669584	1.28705965	-5.719757884	1.07E-08	9.71E-07
TRINITY_DN20163_c0_g1_i1	128.9559436	-8.942183839	1.531951005	-5.837121297	5.31E-09	5.47E-07
TRINITY_DN20203_c0_g1_i1	168.9843368	-6.636349935	0.948686261	-6.995305196	2.65E-12	1.06E-09
TRINITY_DN20230_c0_g1_i1	91.4043964	-6.529944783	1.099474781	-5.939149217	2.87E-09	3.28E-07
TRINITY_DN20301_c0_g1_i1	91.44513452	-9.865526202	1.629437988	-6.05455763	1.41E-09	1.81E-07
TRINITY_DN2037_c0_g1_i5	27.34731128	8.359937742	1.955020602	4.276137925	1.90E-05	0.000713657
TRINITY_DN20423_c0_g1_i1	248.4882551	-5.567432972	1.151709992	-4.834058061	1.34E-06	6.54E-05
TRINITY_DN20434_c0_g1_i1	94.21871676	-6.969746377	1.140301526	-6.112195958	9.83E-10	1.33E-07
TRINITY_DN2049_c0_g1_i1	22.11929963	-7.81899296	2.062752209	-3.790563367	0.000150306	0.004775068
TRINITY_DN2049_c0_g1_i3	63.32222199	5.027320384	1.558505905	3.225730725	0.001256515	0.033572514
TRINITY_DN20559_c0_g1_i1	33.190872	-8.403734189	1.846708319	-4.550655944	5.35E-06	0.000226652
TRINITY_DN20565_c0_g1_i1	122.4662009	-5.839869635	1.051510375	-5.553791742	2.80E-08	2.26E-06
TRINITY_DN20665_c0_g1_i1	54.4392886	-5.486777496	1.217569183	-4.506337358	6.60E-06	0.000276552
TRINITY_DN20695_c0_g1_i1	48.30682115	-7.527575696	1.648298443	-4.566876664	4.95E-06	0.000212093
TRINITY_DN20737_c0_g1_i1	343.4043905	-7.169088588	0.88522454	-8.098610308	5.56E-16	1.56E-12
TRINITY_DN20744_c0_g1_i1	65.24613929	-7.962426455	1.626091745	-4.896664952	9.75E-07	5.00E-05
TRINITY_DN20757_c0_g1_i1	81.68633398	-6.062207206	1.09804487	-5.520910276	3.37E-08	2.64E-06
TRINITY_DN20762_c0_g1_i1	25.51723037	-8.023246597	1.981534248	-4.049007281	5.14E-05	0.001752991
TRINITY_DN20846_c0_g1_i1	85.27824594	-7.403289309	1.328483352	-5.572737737	2.51E-08	2.05E-06
TRINITY_DN20852_c0_g1_i1	39.67699076	-6.31000085	1.461220357	-4.318308885	1.57E-05	0.000598049
TRINITY_DN209_c0_g1_i1	44.98124459	-8.841547458	1.768165457	-5.000407301	5.72E-07	3.09E-05
TRINITY_DN20919_c0_g1_i1	24.08795712	-7.940931843	1.960232665	-4.051014957	5.10E-05	0.001741034
TRINITY_DN2098_c0_g1_i2	21.98984666	-7.809235201	2.002755975	-3.89924449	9.65E-05	0.003131255
TRINITY_DN21206_c0_g1_i1	26.04109666	-8.054244555	1.966205252	-4.096339661	4.20E-05	0.001463487
TRINITY_DN21244_c0_g1_i1	41.83994703	-8.737995835	1.788025003	-4.886953941	1.02E-06	5.20E-05
TRINITY_DN21296_c0_g1_i1	232.7478307	-6.912171571	0.907618931	-7.615719922	2.62E-14	2.46E-11
TRINITY_DN21315_c0_g1_i1	52.52173047	-5.439081955	1.250468451	-4.349635491	1.36E-05	0.00052996
TRINITY_DN21346_c0_g1_i1	109.2158128	-6.782400923	1.064797939	-6.36966008	1.89E-10	3.39E-08
TRINITY_DN2135_c0_g1_i4	114.4225554	-7.684094241	1.273107317	-6.035700318	1.58E-09	2.02E-07
TRINITY_DN2135_c0_g1_i5	63.67535923	-9.343478997	1.684044807	-5.548236579	2.89E-08	2.32E-06
TRINITY_DN21376_c0_g1_i1	107.5020959	-5.996789566	1.058102656	-5.667493162	1.45E-08	1.28E-06
TRINITY_DN21465_c0_g1_i1	160.0771746	-6.769688469	0.962799497	-7.031254682	2.05E-12	8.75E-10
TRINITY_DN216_c0_g2_i1	6437.60446	1.41585945	0.448206408	3.158945127	0.001583413	0.041242141
TRINITY_DN21651_c0_g1_i1	145.8905014	-5.817093697	1.047567055	-5.552955936	2.81E-08	2.26E-06
TRINITY_DN21680_c0_g1_i1	146.0632828	-6.249437397	0.989272521	-6.317205082	2.66E-10	4.44E-08
TRINITY_DN21738_c0_g1_i1	52.34715367	-9.06126397	1.739632137	-5.208724176	1.90E-07	1.14E-05
TRINITY_DN2180_c0_g1_i3	59.65969064	-9.249699393	1.701261145	-5.436966229	5.42E-08	3.89E-06
TRINITY_DN21804_c0_g1_i1	69.84800858	-6.54515353	1.199567537	-5.456260969	4.86E-08	3.56E-06
TRINITY_DN21813_c0_g1_i1	57.15772722	-5.315963225	1.288700452	-4.125057314	3.71E-05	0.001310914
TRINITY_DN21834_c0_g1_i1	18.24746559	-7.539537564	2.121474193	-3.553914343	0.000379543	0.011223623
TRINITY_DN21860_c0_g1_i1	69.06121601	-5.36296584	1.163374993	-4.609834209	4.03E-06	0.000176893
TRINITY_DN21902_c0_g1_i1	56.1228434	-9.161411676	1.709148348	-5.360220303	8.31E-08	5.68E-06
TRINITY_DN21955_c0_g1_i1	84.05077983	-8.326398813	1.582883512	-5.260272628	1.44E-07	8.95E-06
TRINITY_DN21985_c0_g1_i1	30.45950573	-8.280108935	1.888616924	-4.384218329	1.16E-05	0.00045873
TRINITY_DN22049_c0_g1_i1	46.89274829	-8.902710252	1.782970965	-4.993188576	5.94E-07	3.19E-05
TRINITY_DN22088_c0_g1_i1	47.43099617	-8.918500645	1.743620819	-5.114931268	3.14E-07	1.78E-05
TRINITY_DN22122_c0_g1_i1	92.67519094	-7.514380912	1.274038778	-5.898078646	3.68E-09	3.97E-07
TRINITY_DN2217_c0_g1_i4	17.06117501	7.682959503	2.143229975	3.584757395	0.000337392	0.010067993
TRINITY_DN22232_c0_g1_i1	55.86621021	-9.154926908	1.71418158	-5.340698449	9.26E-08	6.13E-06
TRINITY_DN2232_c0_g1_i1	31.20442381	-8.314891404	1.875653571	-4.43306351	9.29E-06	0.000372087
TRINITY_DN22385_c0_g1_i1	27.46204274	-8.130319651	1.910676872	-4.255203886	2.09E-05	0.000774944
TRINITY_DN22427_c0_g1_i1	258.4813765	-5.564847811	1.157966413	-4.805707445	1.54E-06	7.38E-05
TRINITY_DN2247_c0_g1_i7	19.78953747	-7.657749834	2.055537239	-3.725425008	0.000194986	0.006038438
TRINITY_DN22472_c0_g1_i1	85.7462526	-4.929067753	1.210933218	-4.070470343	4.69E-05	0.001624381
TRINITY_DN22486_c0_g1_i1	99.47535923	-6.093824014	1.054762479	-5.777437232	7.58E-09	7.38E-07
TRINITY_DN22498_c0_g1_i1	74.24717301	-7.1985585	1.308512866	-5.501328025	3.77E-08	2.88E-06
TRINITY_DN225_c0_g1_i5	70.61581908	-9.493491927	1.874982592	-5.063242702	4.12E-07	2.29E-05
TRINITY_DN22550_c0_g1_i1	26.98322139	-8.105643093	1.969967509	-4.114607503	3.88E-05	0.001364374
TRINITY_DN22561_c0_g1_i1	60.18881645	-5.166284441	1.213475446	-4.257428083	2.07E-05	0.000768727
TRINITY_DN22588_c0_g1_i1	310.4780824	-8.274061075	0.954519565	-8.668299091	4.39E-18	2.88E-14
TRINITY_DN22607_c0_g1_i1	25.91164369	-8.045922862	1.935755555	-4.1564767	3.23E-05	0.001153465
TRINITY_DN22618_c0_g1_i1	64.59194624	-6.445828435	1.282793302	-5.024837925	5.04E-07	2.76E-05
TRINITY_DN22660_c0_g1_i1	36.760233	-4.452339563	1.405315014	-3.168214612	0.001533783	0.04026947
TRINITY_DN22716_c0_g1_i1	50.5510389	-7.593912742	1.650160868	-4.601922691	4.19E-06	0.000183339
TRINITY_DN22754_c0_g1_i1	50.00737174	-6.072217273	1.28606711	-4.721539976	2.34E-06	0.000106549
TRINITY_DN22808_c0_g1_i1	94.17044637	-9.908420173	1.652797926	-5.994937443	2.04E-09	2.50E-07
TRINITY_DN22855_c0_g1_i1	255.4741894	-8.396648243	1.045129875	-8.034071596	9.43E-16	2.32E-12
TRINITY_DN22856_c0_g1_i1	40.56656219	-7.277809512	1.704169555	-4.270590029	1.95E-05	0.000728863
TRINITY_DN22866_c0_g1_i1	39.13874288	-6.292381504	1.469987946	-4.280566735	1.86E-05	0.000701195
TRINITY_DN22906_c0_g1_i1	35.37452686	-8.495693578	1.828174132	-4.647092106	3.37E-06	0.000150458
TRINITY_DN22924_c0_g1_i1	196.8014847	-7.061374305	0.924193343	-7.640581228	2.16E-14	2.13E-11
TRINITY_DN22966_c0_g1_i1	93.23900044	-6.250724045	1.070507877	-5.83902667	5.25E-09	5.43E-07
TRINITY_DN23006_c0_g1_i1	32.24155648	-8.362674045	1.959205156	-4.268401407	1.97E-05	0.000734653
TRINITY_DN2323_c0_g1_i1	15.11975595	7.507210128	2.197442502	3.416339731	0.00063469	0.018000475
TRINITY_DN2324_c0_g1_i5	29.55788045	-8.234907075	2.09273808	-3.934991748	8.32E-05	0.002740568
TRINITY_DN2331_c0_g1_i2	62.11285134	-9.308395926	1.997770409	-4.659392232	3.17E-06	0.000142065
TRINITY_DN23328_c0_g1_i1	171.7668263	-5.827089707	1.077777929	-5.406577318	6.42E-08	4.52E-06
TRINITY_DN2333_c0_g1_i9	15.20473232	7.517596204	2.231452336	3.368925288	0.000754619	0.021199398
TRINITY_DN23338_c0_g1_i1	86.95727914	-6.85612206	1.155905047	-5.931388633	3.00E-09	3.39E-07
TRINITY_DN23448_c0_g1_i1	134.8798095	-5.58488935	1.084250376	-5.150922218	2.59E-07	1.49E-05
TRINITY_DN2346_c0_g1_i1	41.48177415	-4.438724207	1.363670204	-3.254983641	0.001133989	0.030716106
TRINITY_DN2346_c0_g2_i1	181.5778387	-8.474883436	1.198918588	-7.068773079	1.56E-12	6.99E-10
TRINITY_DN23481_c0_g1_i1	149.9911582	-5.526452691	1.103787208	-5.006809872	5.53E-07	3.00E-05
TRINITY_DN23521_c0_g1_i1	65.11409602	-9.375769004	1.6810562	-5.577308481	2.44E-08	2.02E-06
TRINITY_DN23563_c0_g1_i1	53.10872607	-9.081831324	1.721966774	-5.274103695	1.33E-07	8.33E-06
TRINITY_DN2358_c0_g1_i2	18.89018494	-7.590287268	2.072585929	-3.662230435	0.000250029	0.007587679
TRINITY_DN23605_c0_g1_i1	84.16074949	-6.417632248	1.142060818	-5.619343686	1.92E-08	1.63E-06
TRINITY_DN23678_c0_g1_i1	51.2422673	-9.030380472	1.736602734	-5.200026636	1.99E-07	1.18E-05
TRINITY_DN23694_c0_g1_i1	66.93981666	-6.09121563	1.187102343	-5.131163009	2.88E-07	1.65E-05
TRINITY_DN23757_c0_g1_i1	49.04520746	-4.516666234	1.318581518	-3.425397801	0.0006139	0.017445579
TRINITY_DN2402_c0_g1_i5	28.45640321	-8.182499114	1.987404004	-4.117179545	3.84E-05	0.00135166
TRINITY_DN24024_c0_g1_i1	52.38305264	-7.644353682	1.634230201	-4.677648032	2.90E-06	0.000130882
TRINITY_DN2413_c0_g1_i1	35.6110966	-8.503823307	2.164024976	-3.9296327	8.51E-05	0.002783717
TRINITY_DN24137_c0_g1_i1	259.760658	-6.420600988	0.991520508	-6.475510021	9.45E-11	1.88E-08
TRINITY_DN24187_c0_g1_i2	59.07139481	5.308373173	1.436065679	3.696469632	0.000218618	0.006738449
TRINITY_DN242_c0_g1_i1	245.5512522	-6.447053569	0.975576164	-6.608457447	3.88E-11	9.20E-09
TRINITY_DN24218_c0_g1_i1	98.09573141	-6.329910606	1.096841036	-5.771037366	7.88E-09	7.53E-07
TRINITY_DN2428_c0_g1_i3	18.46616527	7.791780077	2.49554031	3.122281794	0.001794551	0.046010224
TRINITY_DN24294_c0_g1_i1	64.3134781	-7.943595283	1.660902934	-4.782696881	1.73E-06	8.16E-05
TRINITY_DN24340_c0_g1_i1	107.4922909	-10.09877046	1.610829315	-6.269298905	3.63E-10	5.78E-08
TRINITY_DN24352_c0_g1_i1	312.0978469	-6.490646595	1.00209764	-6.477060054	9.35E-11	1.88E-08
TRINITY_DN24363_c0_g1_i1	206.5810078	-6.58467405	0.940369959	-7.002216505	2.52E-12	1.03E-09
TRINITY_DN24469_c0_g1_i1	39.84921592	-6.316054737	1.453802167	-4.344507719	1.40E-05	0.000540355
TRINITY_DN2447_c1_g1_i11	180.8150968	-4.817535338	1.254780909	-3.839343828	0.000123364	0.00395105
TRINITY_DN24515_c0_g1_i1	42.20824249	-8.750685387	1.788892406	-4.891677866	1.00E-06	5.09E-05
TRINITY_DN24547_c0_g1_i1	67.16055088	-6.497417389	1.251521385	-5.191615154	2.08E-07	1.23E-05
TRINITY_DN24608_c0_g1_i1	88.15830981	-6.888192889	1.220929481	-5.641761457	1.68E-08	1.46E-06
TRINITY_DN24627_c0_g1_i1	38.69153759	-4.99849312	1.336464655	-3.740086278	0.000183957	0.005760376
TRINITY_DN2467_c0_g1_i6	12.62060201	7.246218758	2.312195022	3.133913312	0.001724918	0.044456768
TRINITY_DN24682_c0_g1_i1	62.13442372	-9.308322203	1.69330066	-5.497146739	3.86E-08	2.94E-06
TRINITY_DN24702_c0_g1_i1	54.45245492	-9.117520397	1.714507873	-5.317864411	1.05E-07	6.75E-06
TRINITY_DN24762_c0_g1_i1	132.7210334	-8.982506077	1.518596821	-5.915003874	3.32E-09	3.69E-07
TRINITY_DN24764_c0_g1_i1	127.8939322	-5.509125809	1.103874585	-4.990717135	6.02E-07	3.22E-05
TRINITY_DN24768_c0_g1_i1	33.13144547	-8.401564315	1.874404392	-4.482258125	7.39E-06	0.000307062
TRINITY_DN249_c0_g1_i1	223.0643161	-5.606497627	1.127543303	-4.972312469	6.62E-07	3.51E-05
TRINITY_DN249_c0_g2_i1	33.52133721	-4.535330539	1.41239004	-3.211103455	0.001322263	0.0351858
TRINITY_DN24975_c0_g1_i1	28.31635033	-8.172983827	2.0979925	-3.895621089	9.79E-05	0.003167987
TRINITY_DN2503_c0_g1_i9	24.07016642	-7.939066682	1.998745073	-3.972025642	7.13E-05	0.002383346
TRINITY_DN25030_c0_g1_i1	125.7645232	-5.733542036	1.058677174	-5.415760513	6.10E-08	4.35E-06
TRINITY_DN25191_c0_g1_i1	933.5364979	1.755290423	0.405915903	4.324271136	1.53E-05	0.000584364
TRINITY_DN25200_c0_g1_i1	4593.909641	1.272235454	0.401678606	3.167297025	0.001538631	0.040342899
TRINITY_DN25222_c0_g1_i1	581.4127191	-7.043562718	2.225794518	-3.164516158	0.00155341	0.040571208
TRINITY_DN2524_c0_g1_i2	16.26101739	-7.373490711	2.166655356	-3.403167325	0.000666095	0.018820048
TRINITY_DN25393_c0_g1_i1	117.3898721	-5.634674111	1.075303144	-5.240079642	1.61E-07	9.83E-06
TRINITY_DN25460_c0_g1_i1	125.3318593	-6.978266561	1.043561744	-6.686970465	2.28E-11	5.97E-09
TRINITY_DN25497_c0_g1_i1	49.99645427	-6.637240439	1.392057073	-4.767937009	1.86E-06	8.65E-05
TRINITY_DN25740_c0_g1_i1	84.28015878	-8.328619444	1.562434656	-5.330539368	9.79E-08	6.40E-06
TRINITY_DN258_c0_g1_i2	19.29073643	7.86253582	2.30231357	3.415058628	0.000637683	0.018043213
TRINITY_DN25824_c0_g1_i1	303.2548954	-6.994226852	0.914063376	-7.6517964	1.98E-14	2.05E-11
TRINITY_DN25839_c0_g1_i1	75.6333565	-8.174968374	1.603565937	-5.097993283	3.43E-07	1.93E-05
TRINITY_DN25919_c0_g1_i1	40.309929	-7.269550603	1.720174478	-4.226054216	2.38E-05	0.000871817
TRINITY_DN25976_c0_g1_i1	24.79528362	-5.644264166	1.618148309	-3.488100648	0.000486465	0.014088855
TRINITY_DN2598_c0_g2_i1	140.6413123	-5.899360358	1.070060284	-5.513110288	3.53E-08	2.74E-06
TRINITY_DN25999_c0_g1_i1	29.97122085	-8.256628681	1.884763895	-4.380723074	1.18E-05	0.000464291
TRINITY_DN26005_c0_g1_i1	17.04984404	-7.443594057	2.2067742	-3.373065562	0.000743363	0.020943014
TRINITY_DN26033_c0_g1_i1	63.40870627	-6.408578783	1.224233241	-5.234769462	1.65E-07	1.00E-05
TRINITY_DN2607_c0_g1_i1	18.20469339	-7.536215041	2.117322232	-3.559314178	0.000371825	0.01104521
TRINITY_DN26126_c0_g1_i1	27.68626497	-4.83685665	1.524956868	-3.171798987	0.001514978	0.039828942
TRINITY_DN26132_c0_g1_i1	93.85438665	-9.903683199	1.675520347	-5.910810463	3.40E-09	3.76E-07
TRINITY_DN262_c0_g1_i1	441.2995061	-6.988882868	0.957599536	-7.298335685	2.91E-13	1.69E-10
TRINITY_DN26275_c0_g1_i1	229.8582244	-8.814318419	1.190378991	-7.404632045	1.32E-13	9.95E-11
TRINITY_DN26283_c0_g1_i1	70.22058695	-8.06673823	1.59390803	-5.060980983	4.17E-07	2.31E-05
TRINITY_DN26313_c0_g1_i1	19.77174677	-7.655415923	2.071309516	-3.695930456	0.000219083	0.0067422
TRINITY_DN26325_c0_g1_i1	293.334978	-11.54701643	1.546184112	-7.468073398	8.14E-14	6.67E-11
TRINITY_DN26368_c0_g1_i1	14.94227004	-7.25135799	2.221708195	-3.263866068	0.001099031	0.02981027
TRINITY_DN26379_c0_g1_i1	132.9734076	-5.957992865	1.03547167	-5.753892681	8.72E-09	8.21E-07
TRINITY_DN26455_c0_g1_i1	14.19735197	-7.177692629	2.246116041	-3.195601874	0.001395395	0.036931958
TRINITY_DN26505_c0_g1_i1	111.4664265	-5.429379107	1.108568844	-4.897647209	9.70E-07	5.00E-05
TRINITY_DN26546_c0_g1_i1	38.72249461	-8.625972035	1.79682791	-4.800666769	1.58E-06	7.53E-05
TRINITY_DN26588_c0_g1_i1	236.9472771	-6.513501698	0.966051016	-6.742399304	1.56E-11	4.39E-09
TRINITY_DN26624_c0_g1_i1	114.5370625	-5.744955088	1.072978712	-5.354211618	8.59E-08	5.79E-06
TRINITY_DN2664_c0_g1_i2	15.37945556	-7.293940842	2.188426565	-3.332961205	0.000859269	0.0236992
TRINITY_DN26677_c0_g1_i1	806.5228369	-2.146419852	0.516035527	-4.159442016	3.19E-05	0.001140663
TRINITY_DN26709_c0_g1_i1	136.6282102	-6.791779195	0.99124349	-6.851776848	7.29E-12	2.43E-09
TRINITY_DN26722_c0_g1_i1	89.04042788	-9.827489301	1.646054161	-5.970331679	2.37E-09	2.82E-07
TRINITY_DN2675_c0_g1_i2	3997.00084	3.649223975	0.663037371	5.503798332	3.72E-08	2.86E-06
TRINITY_DN2678_c0_g1_i4	153.553846	2.092876077	0.62353942	3.356445494	0.000789513	0.021991175
TRINITY_DN26838_c0_g1_i1	20.0556342	-7.677828045	2.129274003	-3.605843134	0.000311141	0.009312921
TRINITY_DN2685_c0_g1_i1	27.66530382	-8.139404503	2.194961301	-3.708222328	0.000208719	0.006443432
TRINITY_DN27009_c0_g1_i1	20.26116803	-7.692545399	2.126686769	-3.617150166	0.000297865	0.008947317
TRINITY_DN27012_c0_g1_i1	240.0440548	-6.112101788	1.039650726	-5.878995354	4.13E-09	4.41E-07
TRINITY_DN27019_c0_g1_i1	50.79675462	-9.017664982	1.733000681	-5.203497658	1.96E-07	1.17E-05
TRINITY_DN27094_c0_g1_i1	38.97080063	-8.635174632	1.794741149	-4.811376078	1.50E-06	7.24E-05
TRINITY_DN27138_c0_g1_i1	110.0236455	-5.685973434	1.073839701	-5.294992753	1.19E-07	7.57E-06
TRINITY_DN27207_c0_g1_i1	33.26639663	-5.494061214	1.417862619	-3.874889668	0.000106673	0.00344454
TRINITY_DN27281_c0_g1_i1	27.33372614	-8.123706501	1.916982134	-4.237758066	2.26E-05	0.000832951
TRINITY_DN27300_c0_g1_i1	344.4476015	-6.544932914	1.005808613	-6.507135479	7.66E-11	1.64E-08
TRINITY_DN27303_c0_g1_i1	45.44803599	-5.229576094	1.280345117	-4.084505049	4.42E-05	0.001537381
TRINITY_DN27322_c0_g1_i1	42.14767959	-8.748204059	1.773258603	-4.933405678	8.08E-07	4.22E-05
TRINITY_DN27376_c0_g1_i1	17.80308928	-7.505492922	2.127674079	-3.527557625	0.000419412	0.012237012
TRINITY_DN27386_c0_g1_i1	45.04899828	-8.843351325	1.807346978	-4.893001418	9.93E-07	5.07E-05
TRINITY_DN27393_c0_g1_i1	59.90225981	-7.838573916	1.626083928	-4.820522348	1.43E-06	6.97E-05
TRINITY_DN27499_c0_g1_i1	83.25936288	-9.730397503	1.64295352	-5.922503214	3.17E-09	3.56E-07
TRINITY_DN27583_c0_g1_i1	75.16431625	-7.219351602	1.324647934	-5.450015371	5.04E-08	3.67E-06
TRINITY_DN2764_c0_g1_i3	93.24701653	10.12992504	1.745487584	5.803493035	6.49E-09	6.47E-07
TRINITY_DN27662_c0_g1_i1	23.66023514	-7.915641341	1.981830423	-3.994106282	6.49E-05	0.002194193
TRINITY_DN27690_c0_g1_i1	70.15833144	-6.153004954	1.150088903	-5.350025495	8.79E-08	5.87E-06
TRINITY_DN27916_c0_g1_i1	51.44272331	-4.586507003	1.300689809	-3.526211225	0.000421551	0.012281174
TRINITY_DN2797_c0_g1_i4	20.04503429	-7.674484265	2.202643384	-3.484215521	0.000493582	0.014273952
TRINITY_DN28165_c0_g1_i1	195.2315235	-7.605786231	0.970819592	-7.834397135	4.71E-15	7.06E-12
TRINITY_DN28193_c0_g1_i1	98.1012296	-5.682150307	1.082135909	-5.250865681	1.51E-07	9.36E-06
TRINITY_DN28202_c0_g1_i1	79.66972367	-6.731389195	1.170446594	-5.751128869	8.86E-09	8.26E-07
TRINITY_DN28219_c0_g1_i1	111.9842145	-6.511947162	1.038838377	-6.268489218	3.65E-10	5.78E-08
TRINITY_DN2825_c0_g1_i7	140.0940886	-2.447230509	0.617282339	-3.964523777	7.35E-05	0.002451213
TRINITY_DN28331_c0_g1_i1	75.62389296	-8.173354715	1.582642112	-5.16437333	2.41E-07	1.40E-05
TRINITY_DN28367_c0_g1_i1	294.7490987	-6.601665665	0.970162772	-6.804699023	1.01E-11	3.11E-09
TRINITY_DN2838_c0_g1_i1	90.57821685	-7.485280182	1.29656289	-5.773171696	7.78E-09	7.53E-07
TRINITY_DN2838_c0_g2_i1	166.5722007	-6.009929451	1.036845424	-5.796360106	6.78E-09	6.70E-07
TRINITY_DN284_c0_g1_i2	49.88783467	-3.518752566	1.101788195	-3.19367423	0.001404745	0.037079622
TRINITY_DN28410_c0_g1_i1	60.93680217	-9.28066877	1.738412429	-5.338588598	9.37E-08	6.18E-06
TRINITY_DN28559_c0_g1_i1	94.80920037	-6.97817466	1.137391554	-6.135243957	8.50E-10	1.19E-07
TRINITY_DN28592_c0_g1_i1	148.1745596	-7.613271445	1.071901816	-7.102582842	1.22E-12	5.73E-10
TRINITY_DN28626_c0_g1_i1	58.99918059	-9.233101814	1.701813645	-5.425448222	5.78E-08	4.13E-06
TRINITY_DN28674_c0_g1_i1	257.6958323	-7.236165716	0.886287157	-8.164583748	3.23E-16	1.47E-12
TRINITY_DN28697_c0_g1_i1	28.34878519	-5.832736055	1.558655138	-3.742159452	0.000182446	0.00572216
TRINITY_DN28727_c0_g1_i1	37.97757654	-8.598006494	1.803500873	-4.767398022	1.87E-06	8.66E-05
TRINITY_DN28836_c0_g1_i1	39.61351998	-8.659120089	1.803143561	-4.802235537	1.57E-06	7.49E-05
TRINITY_DN28867_c0_g1_i1	66.04879129	-6.069465154	1.175348467	-5.163970794	2.42E-07	1.40E-05
TRINITY_DN28896_c0_g1_i1	136.6893532	-6.163975311	1.054597797	-5.844858891	5.07E-09	5.28E-07
TRINITY_DN28911_c0_g1_i1	30.08288311	-8.262296826	1.90441557	-4.338494684	1.43E-05	0.000553172
TRINITY_DN28978_c0_g1_i1	61.12026238	-6.92341848	1.35296592	-5.117215725	3.10E-07	1.76E-05
TRINITY_DN29109_c0_g1_i1	202.1111029	-8.072582133	1.119020843	-7.213969412	5.43E-13	2.89E-10
TRINITY_DN29144_c0_g1_i1	81.40350402	-9.69842009	1.703374626	-5.693650675	1.24E-08	1.12E-06
TRINITY_DN2915_c0_g1_i2	343.8926754	-7.171171652	0.885303713	-8.100238985	5.49E-16	1.56E-12
TRINITY_DN29206_c0_g1_i1	117.4119457	-5.940589101	1.049310139	-5.661423523	1.50E-08	1.32E-06
TRINITY_DN29222_c0_g1_i1	15.08005017	-7.266177158	2.233222224	-3.253674033	0.001139229	0.030815601
TRINITY_DN29234_c0_g1_i1	45.26457578	-5.942129626	1.384787553	-4.291004502	1.78E-05	0.000672644
TRINITY_DN29257_c0_g1_i1	82.52107936	-6.781157346	1.163161207	-5.829937679	5.54E-09	5.62E-07
TRINITY_DN29260_c0_g1_i1	26.63158027	-8.086203094	1.928593714	-4.192797599	2.76E-05	0.000995759
TRINITY_DN29279_c0_g1_i1	196.8740226	-8.59509395	1.215836517	-7.069284257	1.56E-12	6.99E-10
TRINITY_DN29321_c0_g1_i1	91.42712905	-5.275723023	1.146715056	-4.600727089	4.21E-06	0.000183985
TRINITY_DN2947_c0_g1_i1	142.1479894	-2.569886087	0.586463971	-4.38200165	1.18E-05	0.000462497
TRINITY_DN29471_c0_g1_i1	38.91970127	-8.633490818	1.800864121	-4.794082307	1.63E-06	7.74E-05
TRINITY_DN2951_c0_g1_i1	49.54906052	3.887815418	0.891928098	4.358888825	1.31E-05	0.000510059
TRINITY_DN29601_c0_g1_i1	117.5152569	-7.852608333	1.242287603	-6.321087254	2.60E-10	4.40E-08
TRINITY_DN2980_c0_g1_i3	18.13580333	-7.530238787	2.186846651	-3.443423334	0.000574399	0.016394143
TRINITY_DN2994_c0_g1_i5	18.40638139	7.789095395	2.111913937	3.688168944	0.000225874	0.006929494
TRINITY_DN3015_c0_g1_i10	61.2301325	3.888649317	0.98534542	3.946483373	7.93E-05	0.002621144
TRINITY_DN3015_c0_g1_i29	24.94878684	6.789679714	1.905338833	3.56350251	0.000365939	0.010886829
TRINITY_DN3025_c0_g1_i1	50.77177312	-9.017295865	1.757112022	-5.131884452	2.87E-07	1.64E-05
TRINITY_DN3025_c0_g1_i2	91.69153317	-4.914392526	1.212156473	-4.054255893	5.03E-05	0.001723056
TRINITY_DN3058_c0_g1_i2	20.45837469	-7.706697017	2.181304401	-3.533068109	0.000410767	0.012020425
TRINITY_DN3078_c0_g1_i10	42.52453648	-5.547581265	1.432620375	-3.872331681	0.000107799	0.003475196
TRINITY_DN3082_c0_g1_i4	16.45822406	-7.391374846	2.146251014	-3.443853864	0.000573486	0.016391852
TRINITY_DN3196_c0_g1_i1	407.9814539	-6.875863274	0.96544829	-7.121938425	1.06E-12	5.10E-10
TRINITY_DN320_c0_g1_i17	89.30828094	10.06952464	1.632901322	6.166646142	6.98E-10	1.00E-07
TRINITY_DN3218_c0_g1_i2	14.69396402	-7.227217874	2.22951111	-3.241615547	0.001188542	0.031973579
TRINITY_DN3233_c0_g1_i5	168.0107341	-4.235643765	1.19721789	-3.537905507	0.000403314	0.011837578
TRINITY_DN325_c0_g1_i2	642.5146998	-2.502392873	0.781497819	-3.202047162	0.001364547	0.036212966
TRINITY_DN330_c1_g1_i2	19.90006337	-7.664576534	2.082899961	-3.679762196	0.000233452	0.00712861
TRINITY_DN3334_c0_g1_i2	121.6087779	-6.95865141	1.177908045	-5.907635523	3.47E-09	3.81E-07
TRINITY_DN3336_c0_g1_i5	100.6086123	-10.00353959	1.621750456	-6.16835935	6.90E-10	9.98E-08
TRINITY_DN3347_c0_g1_i3	57.92968988	2.542263329	0.815419283	3.117737563	0.00182245	0.04663422
TRINITY_DN35_c0_g1_i9	22.56367594	-7.846548293	1.988840588	-3.945287692	7.97E-05	0.002629838
TRINITY_DN3515_c0_g1_i2	2791.515694	1.215643799	0.385580259	3.152764619	0.001617322	0.041958614
TRINITY_DN3597_c0_g1_i1	20.94539126	7.973911016	2.159666547	3.692195458	0.000222326	0.006831329
TRINITY_DN3599_c0_g1_i1	16.06494711	-7.357623373	2.217101481	-3.318577627	0.000904772	0.024814973
TRINITY_DN364_c0_g1_i3	40.66561437	-5.784177148	1.379667578	-4.192442615	2.76E-05	0.000995759
TRINITY_DN3659_c0_g1_i2	172.8119847	11.02320238	1.693654542	6.508530583	7.59E-11	1.64E-08
TRINITY_DN3663_c0_g1_i7	14.33399573	-7.190832568	2.306567841	-3.11754653	0.001823632	0.04663422
TRINITY_DN3677_c0_g1_i6	15.13114954	-7.270511991	2.199446546	-3.30560977	0.0009477	0.025884049
TRINITY_DN3720_c0_g1_i2	20.89442384	-7.736455502	2.047143567	-3.779146528	0.000157367	0.00497527
TRINITY_DN373_c0_g1_i1	20.46670185	-7.707113859	2.124175501	-3.628284882	0.00028531	0.008618476
TRINITY_DN3746_c0_g1_i2	26.54603587	-8.081656514	1.934638766	-4.177346519	2.95E-05	0.001060291
TRINITY_DN3767_c0_g1_i8	84.85253413	-9.757866548	1.644518858	-5.933569262	2.96E-09	3.37E-07
TRINITY_DN3851_c0_g1_i1	73.78335813	3.210600257	0.861112031	3.728435025	0.000192673	0.005995105
TRINITY_DN3881_c0_g1_i1	256.2019188	-5.186181792	1.230786712	-4.213712855	2.51E-05	0.000916508
TRINITY_DN3882_c0_g1_i1	185.0320733	-6.289422159	0.997013649	-6.30826084	2.82E-10	4.66E-08
TRINITY_DN401_c0_g1_i8	44.40249725	-8.824363719	1.97054473	-4.478134185	7.53E-06	0.000311735
TRINITY_DN4011_c0_g1_i1	55.3719498	-5.510385317	1.210343293	-4.552745776	5.30E-06	0.000225242
TRINITY_DN4011_c0_g2_i1	73.44428235	-6.61597683	1.187205476	-5.572731061	2.51E-08	2.05E-06
TRINITY_DN4060_c0_g1_i3	19.75509244	-7.654931944	2.050456032	-3.733282658	0.000189	0.00589016
TRINITY_DN408_c0_g1_i2	35.76174939	-8.512243265	2.023089503	-4.207546554	2.58E-05	0.000938388
TRINITY_DN4184_c0_g1_i2	50.37361731	9.241117307	2.154235492	4.289743318	1.79E-05	0.000675177
TRINITY_DN4242_c0_g1_i2	131.850499	-23.80734589	4.785120316	-4.975286787	6.52E-07	3.46E-05
TRINITY_DN4279_c0_g1_i1	16.39766115	-7.384975595	2.218780722	-3.328393619	0.000873484	0.024023852
TRINITY_DN428_c0_g1_i1	64.63396275	9.604847867	2.175498544	4.415010018	1.01E-05	0.000402894
TRINITY_DN4315_c0_g1_i2	17.0346044	7.682567694	2.230503313	3.444320234	0.000572497	0.01638742
TRINITY_DN4315_c0_g1_i7	25.43168597	-8.018480168	1.973755317	-4.062550255	4.85E-05	0.001677556
TRINITY_DN434_c1_g1_i2	182.5233537	1.672937067	0.518001967	3.229595972	0.001239653	0.033167034
TRINITY_DN4353_c0_g1_i1	19.1907267	-7.614241158	2.150759778	-3.540256441	0.000399738	0.011750158
TRINITY_DN4409_c0_g1_i1	31.94595667	-4.464883546	1.428908624	-3.124680943	0.00177998	0.045755959
TRINITY_DN4463_c0_g1_i21	16.71599362	-7.415208958	2.24923683	-3.296766644	0.000978047	0.026638919
TRINITY_DN4468_c0_g1_i1	29.05521398	-8.212091069	1.910947608	-4.297392055	1.73E-05	0.000654816
TRINITY_DN4468_c0_g2_i1	14.86618918	-7.245932665	2.289760133	-3.164494202	0.001553528	0.040571208
TRINITY_DN4503_c0_g1_i2	407.8636116	1.844221883	0.548134975	3.364539698	0.000766715	0.021447285
TRINITY_DN451_c0_g1_i14	165.329328	3.656645308	1.029768797	3.55093815	0.000383861	0.011334263
TRINITY_DN455_c0_g1_i3	164.906648	-3.73043144	0.883056291	-4.224454858	2.40E-05	0.000875494
TRINITY_DN4554_c0_g1_i1	77.65118208	-5.34789623	1.152534091	-4.640119777	3.48E-06	0.000154921
TRINITY_DN4554_c0_g2_i1	38.45639788	-8.615530258	1.804543237	-4.774355128	1.80E-06	8.40E-05
TRINITY_DN4587_c0_g1_i1	23.25863102	-7.891713441	2.117695679	-3.726556898	0.000194113	0.006030391
TRINITY_DN4618_c0_g2_i1	16.32020209	7.617061569	2.153794717	3.53657733	0.000405348	0.01187953
TRINITY_DN4689_c0_g1_i1	61.24712503	-7.871487632	1.637495131	-4.807029643	1.53E-06	7.35E-05
TRINITY_DN4689_c0_g2_i1	40.8292737	-4.608417281	1.379803932	-3.33990734	0.000838063	0.023244736
TRINITY_DN4701_c0_g1_i1	142.3070764	-6.854324787	1.006485392	-6.810158242	9.75E-12	3.04E-09
TRINITY_DN4708_c0_g1_i1	123.5893553	-8.884193744	1.587246796	-5.597235267	2.18E-08	1.83E-06
TRINITY_DN4766_c0_g1_i1	75.55500289	-8.171638601	1.578081241	-5.178211607	2.24E-07	1.31E-05
TRINITY_DN4792_c0_g1_i2	207.5526025	-4.971129057	1.239986257	-4.009019478	6.10E-05	0.002067245
TRINITY_DN4792_c0_g1_i3	106.2157595	-7.140155391	1.120912862	-6.369946881	1.89E-10	3.39E-08
TRINITY_DN4854_c0_g1_i2	145.3853236	-5.384952745	1.125699762	-4.783649182	1.72E-06	8.14E-05
TRINITY_DN4868_c0_g1_i1	221.0461491	-7.226683761	0.908375293	-7.955614618	1.78E-15	3.76E-12
TRINITY_DN5008_c0_g1_i1	95.27155106	-9.925358417	1.912796578	-5.188925226	2.12E-07	1.25E-05
TRINITY_DN5081_c0_g1_i1	237.8937086	-6.098619697	1.037177344	-5.88001631	4.10E-09	4.41E-07
TRINITY_DN5093_c0_g1_i1	291.5025348	-5.99623851	1.09099219	-5.496133303	3.88E-08	2.95E-06
TRINITY_DN5098_c0_g1_i1	173.2391893	-5.734734122	1.071966279	-5.349733693	8.81E-08	5.87E-06
TRINITY_DN5098_c0_g1_i2	54.84977612	-6.775169582	1.418954172	-4.77476279	1.80E-06	8.40E-05
TRINITY_DN5128_c0_g1_i1	22.63256601	-7.851474955	1.995853583	-3.933893258	8.36E-05	0.002748526
TRINITY_DN513_c0_g1_i2	57.81223785	-5.572197871	1.200140326	-4.642955285	3.43E-06	0.000153155
TRINITY_DN5131_c0_g1_i1	72.03628782	-5.244581558	1.206126337	-4.348285414	1.37E-05	0.000532181
TRINITY_DN5163_c0_g1_i1	79.55581256	-5.219884021	1.159940815	-4.500129621	6.79E-06	0.000283544
TRINITY_DN5188_c0_g1_i1	34.53738241	4.578525571	1.212886869	3.774899119	0.000160072	0.005052688
TRINITY_DN5218_c0_g1_i1	39.73958773	-4.788649811	1.391281524	-3.441898515	0.000577647	0.016462937
TRINITY_DN5245_c0_g1_i1	305.6297814	-6.460875611	1.007324306	-6.413898255	1.42E-10	2.61E-08
TRINITY_DN5249_c0_g1_i1	47.81708233	-8.930630861	1.755321077	-5.087747752	3.62E-07	2.02E-05
TRINITY_DN5280_c0_g1_i1	77.98778258	-9.636691537	1.763151946	-5.465604684	4.61E-08	3.41E-06
TRINITY_DN5315_c0_g1_i1	42.4094934	-6.403836577	1.433841174	-4.466210548	7.96E-06	0.000326182
TRINITY_DN532_c0_g1_i2	211.0526317	2.741241506	0.838099787	3.27078177	0.001072506	0.029171284
TRINITY_DN5327_c0_g1_i1	43.88468539	-8.805669722	1.798438176	-4.896287145	9.77E-07	5.00E-05
TRINITY_DN5352_c0_g1_i1	70.62536151	-5.868626019	1.211383708	-4.844564098	1.27E-06	6.24E-05
TRINITY_DN5367_c0_g1_i2	38.93862834	-8.634972204	1.960361627	-4.404785366	1.06E-05	0.000420667
TRINITY_DN5372_c0_g1_i3	12.96188559	7.282973445	2.318751375	3.140903127	0.001684277	0.043580676
TRINITY_DN5414_c0_g2_i1	52.53175025	-6.710722445	1.399552853	-4.794904622	1.63E-06	7.73E-05
TRINITY_DN543_c0_g1_i3	97.78740045	-3.009136028	0.677152873	-4.443806043	8.84E-06	0.000358354
TRINITY_DN543_c0_g1_i6	24.74851754	8.220856566	2.025416774	4.058846886	4.93E-05	0.00169841
TRINITY_DN5430_c0_g1_i2	23.00086146	-7.874860712	1.993634304	-3.950002615	7.82E-05	0.00258725
TRINITY_DN544_c0_g2_i1	1473.174464	-1.893166423	0.426952263	-4.434140735	9.24E-06	0.000370987
TRINITY_DN5469_c0_g1_i6	13.2813451	-7.082013493	2.2753499	-3.112494255	0.001855136	0.047378252
TRINITY_DN5472_c0_g1_i9	13.56409616	-7.112805971	2.267243338	-3.137204486	0.001705671	0.044018405
TRINITY_DN5486_c0_g1_i1	84.82731396	-6.422328913	1.106752836	-5.802857428	6.52E-09	6.47E-07
TRINITY_DN5552_c0_g1_i1	101.061101	-5.421198863	1.126966302	-4.810435637	1.51E-06	7.26E-05
TRINITY_DN5579_c0_g1_i1	167.5358189	-6.834685601	0.956833859	-7.143022306	9.13E-13	4.49E-10
TRINITY_DN5589_c0_g1_i1	51.78997872	-9.045545256	1.726976988	-5.237791423	1.63E-07	9.92E-06
TRINITY_DN5609_c0_g1_i1	90.09260117	-5.563047312	1.125706342	-4.94182817	7.74E-07	4.05E-05
TRINITY_DN5652_c0_g1_i1	156.4982381	-5.089090396	1.208537999	-4.210947773	2.54E-05	0.000926081
TRINITY_DN5691_c0_g1_i1	54.32672864	-7.696649268	1.626820537	-4.731099156	2.23E-06	0.000102124
TRINITY_DN5711_c0_g1_i1	20.25688511	-5.35808938	1.709963266	-3.133452914	0.001727626	0.044468288
TRINITY_DN5711_c0_g2_i1	37.85758711	-8.593358441	1.802848824	-4.766544109	1.87E-06	8.67E-05
TRINITY_DN5712_c0_g1_i1	119.4676255	-5.101215322	1.196215133	-4.264463123	2.00E-05	0.000746314
TRINITY_DN572_c0_g1_i1	36.61761757	8.780886609	2.390385339	3.673418869	0.000239327	0.007296681
TRINITY_DN5727_c0_g1_i1	51.74720652	-9.044376686	1.727869535	-5.234409486	1.66E-07	1.00E-05
TRINITY_DN5761_c0_g1_i5	19.06127373	-7.603007647	2.07152355	-3.670249198	0.000242314	0.007376327
TRINITY_DN58_c0_g1_i3	75.03375081	-5.305220524	1.208883247	-4.388530108	1.14E-05	0.000450634
TRINITY_DN582_c0_g1_i1	18.94242067	-7.595489112	2.164655153	-3.508867961	0.000450018	0.013071801
TRINITY_DN5825_c0_g1_i1	20.8599788	-7.733810388	2.032682661	-3.804730831	0.000141958	0.004524495
TRINITY_DN5849_c0_g1_i1	22.75255544	-7.8592369	2.000364052	-3.928903288	8.53E-05	0.002787535
TRINITY_DN5883_c0_g1_i1	62.6549048	-5.443101571	1.226786839	-4.436876397	9.13E-06	0.000367807
TRINITY_DN5902_c0_g1_i1	120.1070033	-2.278528398	0.678297538	-3.359187184	0.000781721	0.021805026
TRINITY_DN5910_c0_g1_i1	92.43740394	-4.639106808	1.401743265	-3.309526732	0.000934538	0.025560081
TRINITY_DN597_c0_g1_i14	206.3920925	5.136622819	0.972924752	5.279568442	1.29E-07	8.16E-06
TRINITY_DN5970_c0_g1_i1	96.16588077	-5.653550243	1.086611399	-5.202918216	1.96E-07	1.17E-05
TRINITY_DN5970_c0_g2_i1	144.8218555	-5.046653194	1.191357087	-4.236054203	2.27E-05	0.000837721
TRINITY_DN6051_c16_g1_i1	231.0607358	-2.39044991	0.741347197	-3.224467456	0.001262072	0.033675232
TRINITY_DN6109_c0_g2_i1	140.4357785	-5.897208801	1.070006977	-5.511374155	3.56E-08	2.76E-06
TRINITY_DN6171_c0_g1_i1	159.7494025	-5.830657624	1.06102758	-5.495293179	3.90E-08	2.95E-06
TRINITY_DN6188_c0_g1_i2	3347.674203	1.1572382	0.3620721	3.19615403	0.001392727	0.03691103
TRINITY_DN619_c0_g1_i3	16.53544129	-7.398417014	2.145299231	-3.448664367	0.000563366	0.016149565
TRINITY_DN6195_c0_g1_i1	146.9723045	-4.407422516	1.310809607	-3.362366657	0.000772774	0.021586091
TRINITY_DN6200_c0_g1_i1	108.6173196	-6.465849475	1.032082407	-6.264857759	3.73E-10	5.87E-08
TRINITY_DN6257_c0_g1_i1	116.3774034	-5.766197868	1.05920501	-5.443892176	5.21E-08	3.78E-06
TRINITY_DN6272_c0_g1_i2	17.41813949	-7.474496677	2.211337485	-3.380079579	0.000724648	0.020445067
TRINITY_DN6329_c0_g1_i1	33.98688944	-8.437607922	1.834402213	-4.59964988	4.23E-06	0.000184529
TRINITY_DN6333_c0_g1_i1	177.9936188	-7.87880396	1.070227034	-7.361806147	1.81E-13	1.27E-10
TRINITY_DN6333_c0_g1_i2	121.1741038	-10.27128637	1.617030588	-6.351943154	2.13E-10	3.73E-08
TRINITY_DN6334_c0_g1_i1	258.8690525	-6.765609559	0.922392551	-7.334848438	2.22E-13	1.46E-10
TRINITY_DN6354_c0_g1_i1	398.3340531	-6.594469873	1.027618701	-6.417234199	1.39E-10	2.60E-08
TRINITY_DN6437_c0_g1_i1	94.2736456	-4.752004096	1.237312836	-3.840584175	0.000122742	0.003937551
TRINITY_DN6460_c0_g1_i1	80.48701982	-5.399237484	1.138762089	-4.74132177	2.12E-06	9.76E-05
TRINITY_DN6539_c0_g1_i1	138.7145054	-10.4668548	1.589241523	-6.586069298	4.52E-11	1.04E-08
TRINITY_DN6591_c0_g1_i1	82.36495229	-5.825193003	1.100728373	-5.292125784	1.21E-07	7.66E-06
TRINITY_DN6602_c0_g1_i1	187.5828872	-6.307056783	0.98303363	-6.415911511	1.40E-10	2.60E-08
TRINITY_DN662_c0_g1_i11	15.60278009	-7.315847993	2.300496487	-3.180117003	0.001472156	0.03875495
TRINITY_DN662_c0_g1_i2	24.26850945	-7.952569767	1.996855344	-3.982546753	6.82E-05	0.002284112
TRINITY_DN664_c0_g1_i1	60.48164959	5.344256329	1.417135964	3.771166963	0.000162486	0.00512065
TRINITY_DN6653_c0_g1_i1	21.49437098	-7.777824118	2.112664552	-3.681523463	0.000231844	0.007090546
TRINITY_DN6680_c0_g1_i1	155.7876384	-7.685099807	1.067755291	-7.197435471	6.14E-13	3.09E-10
TRINITY_DN6728_c0_g1_i1	52.42841515	-6.704718469	1.381342153	-4.85377099	1.21E-06	5.99E-05
TRINITY_DN6741_c0_g1_i1	25.55281177	-8.026764248	1.957422443	-4.100680605	4.12E-05	0.001438852
TRINITY_DN6825_c0_g1_i1	254.3853202	-5.798630961	1.116410468	-5.193995513	2.06E-07	1.22E-05
TRINITY_DN6914_c0_g1_i1	198.7672583	-6.391397586	0.981793487	-6.509920542	7.52E-11	1.64E-08
TRINITY_DN7015_c0_g1_i1	95.44538795	-5.20551101	1.152546989	-4.516528228	6.29E-06	0.00026414
TRINITY_DN7015_c0_g2_i1	58.42648769	-9.219519021	1.703400891	-5.412418807	6.22E-08	4.40E-06
TRINITY_DN7024_c0_g1_i6	117.6822785	-7.141157986	1.439108678	-4.962208966	6.97E-07	3.68E-05
TRINITY_DN7056_c0_g1_i1	63.19056236	-5.69809639	1.167900838	-4.878921399	1.07E-06	5.38E-05
TRINITY_DN7056_c0_g2_i1	105.9881521	-6.431468876	1.039223796	-6.18872364	6.07E-10	8.97E-08
TRINITY_DN7071_c0_g1_i1	125.6220398	-10.32392962	1.602822474	-6.441093624	1.19E-10	2.26E-08
TRINITY_DN7075_c0_g1_i1	86.59585692	-7.419280236	1.292463217	-5.740418867	9.44E-09	8.73E-07
TRINITY_DN7105_c0_g1_i1	116.3196455	-10.21240867	1.61068099	-6.340429129	2.29E-10	3.99E-08
TRINITY_DN7124_c0_g1_i1	52.35896884	-5.434205239	1.248542248	-4.352440013	1.35E-05	0.00052426
TRINITY_DN7142_c0_g1_i1	46.92605695	-8.903235429	1.748396141	-5.092230083	3.54E-07	1.98E-05
TRINITY_DN715_c0_g1_i16	42.58058219	-6.40900719	1.43008338	-4.481561902	7.41E-06	0.000307416
TRINITY_DN7154_c0_g1_i1	30.22785404	-8.268669456	1.874210941	-4.411813672	1.03E-05	0.000408062
TRINITY_DN7154_c0_g2_i1	23.18545804	-5.549522449	1.648826837	-3.365740005	0.000763386	0.021384602
TRINITY_DN7181_c0_g1_i1	440.8607567	-6.906891548	1.027820362	-6.719940373	1.82E-11	4.90E-09
TRINITY_DN72_c0_g1_i3	1014.210986	1.290119686	0.386777093	3.335563839	0.000851266	0.023511443
TRINITY_DN7220_c0_g1_i1	340.6857371	-6.293371211	1.055309632	-5.963530532	2.47E-09	2.89E-07
TRINITY_DN7220_c0_g2_i1	135.0075699	-5.277225212	1.142264273	-4.61996872	3.84E-06	0.000168845
TRINITY_DN7221_c0_g1_i1	331.9340669	-6.7760836	0.979632088	-6.916967789	4.61E-12	1.78E-09
TRINITY_DN7229_c0_g1_i1	130.1509987	-6.486156617	1.053308567	-6.157888412	7.37E-10	1.04E-07
TRINITY_DN7255_c0_g1_i2	80.41982236	-6.040678056	1.104190422	-5.470685069	4.48E-08	3.35E-06
TRINITY_DN7281_c0_g1_i1	39.50072134	-8.653945085	1.812321001	-4.775061968	1.80E-06	8.40E-05
TRINITY_DN7303_c0_g1_i1	28.98317737	-5.87190034	1.604068007	-3.660630543	0.000251595	0.007623455
TRINITY_DN7335_c0_g1_i1	55.19536282	-6.7845983	1.410940542	-4.808564287	1.52E-06	7.31E-05
TRINITY_DN7338_c0_g1_i1	92.92349696	-7.518139591	1.273377502	-5.904093312	3.55E-09	3.85E-07
TRINITY_DN7345_c0_g1_i1	90.38415673	-9.848924195	1.634231255	-6.026640455	1.67E-09	2.12E-07
TRINITY_DN7412_c0_g2_i1	2823.534659	1.309239757	0.393185641	3.329825968	0.000869003	0.02393409
TRINITY_DN7441_c0_g1_i1	35.08344864	-8.48383056	1.833101196	-4.628129958	3.69E-06	0.000163424
TRINITY_DN7448_c0_g1_i3	15.38270583	7.528282771	2.320640585	3.244053741	0.001178415	0.031831776
TRINITY_DN7456_c0_g1_i11	66.80083569	2.862894412	0.835024994	3.428513435	0.000606896	0.017271519
TRINITY_DN7463_c0_g1_i1	87.40448444	-9.800646697	1.642237822	-5.967860784	2.40E-09	2.85E-07
TRINITY_DN747_c0_g2_i6	46.81648206	6.151349795	1.374064084	4.476756117	7.58E-06	0.000313094
TRINITY_DN7477_c0_g1_i1	51.67831645	-9.042243169	1.724420963	-5.243640249	1.57E-07	9.68E-06
TRINITY_DN7484_c0_g1_i1	85.15553032	-4.508405019	1.273372283	-3.540523915	0.000399333	0.011750158
TRINITY_DN7484_c0_g2_i1	406.6885069	-6.964484293	0.949497397	-7.334916677	2.22E-13	1.46E-10
TRINITY_DN7496_c0_g1_i1	137.3664937	-8.076204478	1.226661901	-6.583887926	4.58E-11	1.05E-08
TRINITY_DN7500_c0_g2_i1	29.52684454	-8.235767281	1.975623236	-4.168693267	3.06E-05	0.001099341
TRINITY_DN7565_c0_g1_i3	859.752027	2.870821007	0.686840345	4.17975011	2.92E-05	0.001051068
TRINITY_DN7573_c0_g1_i1	74.72454042	-8.15588531	1.581227454	-5.157945675	2.50E-07	1.44E-05
TRINITY_DN7608_c0_g1_i1	45.09177048	-8.844704578	1.810093813	-4.886323856	1.03E-06	5.21E-05
TRINITY_DN7608_c0_g1_i2	48.83756066	-8.961597832	1.842588642	-4.86359116	1.15E-06	5.74E-05
TRINITY_DN7608_c0_g2_i1	22.72070071	-6.44238129	1.860840149	-3.462082057	0.000536014	0.015387897
TRINITY_DN7645_c0_g1_i1	42.4700563	-6.410128293	1.459363283	-4.392414396	1.12E-05	0.000443546
TRINITY_DN7645_c0_g2_i1	25.68945553	-8.03404105	1.936153508	-4.149485574	3.33E-05	0.001184961
TRINITY_DN7676_c0_g1_i1	44.13185504	-8.813422785	1.89983317	-4.639050904	3.50E-06	0.000155373
TRINITY_DN7705_c0_g1_i1	82.73348642	-7.353104422	1.293140591	-5.686237422	1.30E-08	1.17E-06
TRINITY_DN7705_c0_g1_i2	30.88722772	-8.299813607	1.866962914	-4.445623179	8.76E-06	0.000356072
TRINITY_DN7705_c0_g1_i3	131.8474811	-10.39370514	1.598503379	-6.502147746	7.92E-11	1.67E-08
TRINITY_DN7710_c0_g1_i1	141.7002561	-6.595700161	0.979976945	-6.730464626	1.69E-11	4.62E-09
TRINITY_DN7714_c0_g1_i1	90.72329057	-4.897950454	1.206113659	-4.060936063	4.89E-05	0.001686234
TRINITY_DN7743_c0_g1_i1	27.88257393	-8.153070676	1.983362462	-4.110731563	3.94E-05	0.001385004
TRINITY_DN7782_c0_g1_i1	137.7342329	-6.807578772	1.010199535	-6.738845682	1.60E-11	4.42E-09
TRINITY_DN7828_c0_g1_i1	156.4392411	-10.64020108	1.577088375	-6.746737374	1.51E-11	4.37E-09
TRINITY_DN7832_c0_g1_i1	65.34260116	-7.022295093	1.362739755	-5.153071281	2.56E-07	1.48E-05
TRINITY_DN7896_c0_g1_i1	100.1284159	-6.657695698	1.075602506	-6.189736136	6.03E-10	8.97E-08
TRINITY_DN790_c0_g1_i2	91.31189988	-9.86414963	1.710035124	-5.768390071	8.00E-09	7.60E-07
TRINITY_DN7946_c0_g1_i1	48.59417269	-8.952717457	1.779408044	-5.031289753	4.87E-07	2.68E-05
TRINITY_DN7946_c0_g1_i2	79.27702685	-5.785656672	1.20220675	-4.812530516	1.49E-06	7.22E-05
TRINITY_DN8060_c0_g1_i1	84.90915558	-5.318017929	1.173080434	-4.533378765	5.80E-06	0.000244434
TRINITY_DN8119_c0_g1_i1	20.12338789	-7.681709056	2.042927421	-3.760147804	0.000169813	0.005342996
TRINITY_DN8119_c0_g2_i1	15.12282237	-7.270182991	2.224356741	-3.268442898	0.00108141	0.029372827
TRINITY_DN8148_c0_g1_i1	57.78580241	-5.883282845	1.231105492	-4.778861668	1.76E-06	8.27E-05
TRINITY_DN8152_c0_g1_i1	191.7202379	-6.816919893	0.933334481	-7.303833763	2.80E-13	1.69E-10
TRINITY_DN8155_c0_g1_i1	29.22630278	-8.220397877	1.897568552	-4.332068989	1.48E-05	0.000565138
TRINITY_DN816_c0_g1_i2	103.7838574	-6.066404053	1.332566283	-4.552421992	5.30E-06	0.000225242
TRINITY_DN8177_c0_g1_i1	102.5641035	-6.385360248	1.047179772	-6.097673406	1.08E-09	1.45E-07
TRINITY_DN8189_c0_g1_i1	72.660875	-8.115636123	1.585744048	-5.11787267	3.09E-07	1.76E-05
TRINITY_DN821_c0_g1_i2	124.2508806	-2.141153271	0.641911413	-3.335589971	0.000851186	0.023511443
TRINITY_DN8226_c0_g1_i1	35.81057601	-8.512804906	1.821324908	-4.673962821	2.95E-06	0.000132646
TRINITY_DN8391_c0_g1_i1	26.23603057	-8.062996577	2.040902547	-3.950701413	7.79E-05	0.002584057
TRINITY_DN8398_c0_g1_i1	17.10927057	-7.447813622	2.131224688	-3.494616811	0.000474743	0.013769642
TRINITY_DN8535_c0_g1_i1	14.02626317	-7.160582253	2.241982019	-3.193862481	0.00140383	0.037079622
TRINITY_DN8541_c0_g1_i1	46.94384766	-8.904153048	1.768377433	-5.035210742	4.77E-07	2.63E-05
TRINITY_DN8541_c0_g2_i1	18.2678466	-6.127552654	1.942647623	-3.154227552	0.001609236	0.041803986
TRINITY_DN8577_c0_g1_i1	187.7504091	-10.90377311	1.596756463	-6.82870141	8.57E-12	2.72E-09
TRINITY_DN8593_c0_g1_i1	170.021128	-10.7604078	1.572837286	-6.841399233	7.84E-12	2.53E-09
TRINITY_DN8593_c0_g1_i2	40.92394017	-8.706217865	1.806313995	-4.819880646	1.44E-06	6.97E-05
TRINITY_DN8602_c0_g1_i1	119.5594629	-5.531383021	1.097835861	-5.038442647	4.69E-07	2.59E-05
TRINITY_DN8636_c0_g1_i1	141.4628675	-6.38464905	0.985620085	-6.477799254	9.31E-11	1.88E-08
TRINITY_DN864_c0_g2_i4	313.2059139	2.481599288	0.700907013	3.540554227	0.000399288	0.011750158
TRINITY_DN870_c0_g1_i2	228.6030506	-6.041213684	1.044542548	-5.783597515	7.31E-09	7.19E-07
TRINITY_DN870_c0_g1_i3	276.5808605	-6.733464996	0.934301035	-7.206954444	5.72E-13	2.96E-10
TRINITY_DN8717_c0_g1_i1	68.11988618	-9.440924248	1.674666745	-5.637494311	1.73E-08	1.48E-06
TRINITY_DN8743_c0_g1_i3	94.23351965	10.14792882	1.638612503	6.193000969	5.90E-10	8.93E-08
TRINITY_DN8759_c0_g1_i1	186.0713189	-5.414204389	1.147049596	-4.720113593	2.36E-06	0.000106804
TRINITY_DN876_c0_g1_i6	23.61311981	8.153895012	2.317021341	3.519128144	0.000432968	0.012595128
TRINITY_DN8882_c0_g1_i1	110.1450649	-6.803086533	1.112262425	-6.116440134	9.57E-10	1.31E-07
TRINITY_DN8902_c0_g1_i3	404.3541548	-2.038902705	0.500743038	-4.071754475	4.67E-05	0.001618299
TRINITY_DN9008_c0_g1_i1	13.2385729	-7.07746552	2.277662092	-3.107337803	0.001887805	0.048150058
TRINITY_DN9033_c0_g1_i1	177.2863951	-5.979970936	1.036227791	-5.770903839	7.88E-09	7.53E-07
TRINITY_DN9120_c0_g1_i1	88.37991783	-9.816444277	1.634055661	-6.007411198	1.89E-09	2.36E-07
TRINITY_DN913_c0_g1_i4	61.85999983	-9.301760932	1.689366561	-5.506064312	3.67E-08	2.83E-06
TRINITY_DN913_c0_g1_i5	34.17576894	-8.44603134	1.841960204	-4.58534952	4.53E-06	0.000196315
TRINITY_DN913_c0_g1_i6	33.70413838	-8.425402469	1.838669965	-4.582335399	4.60E-06	0.00019873
TRINITY_DN9142_c0_g2_i1	146.812348	-4.92384851	1.215051667	-4.052377889	5.07E-05	0.001733929
TRINITY_DN915_c0_g1_i1	104.4631766	3.667724687	1.168641294	3.138452068	0.001698427	0.043889053
TRINITY_DN9158_c0_g1_i1	140.4725274	-7.546933857	1.130510481	-6.675686767	2.46E-11	6.28E-09
TRINITY_DN9175_c0_g1_i1	17.00707184	-7.440023613	2.218779687	-3.353205213	0.000798815	0.022218795
TRINITY_DN9207_c0_g1_i1	164.8460095	-9.297177453	1.533961749	-6.060892627	1.35E-09	1.77E-07
TRINITY_DN9222_c0_g1_i1	104.890139	-6.722718292	1.061636857	-6.332408533	2.41E-10	4.13E-08
TRINITY_DN9231_c0_g1_i1	45.9876589	-7.460133301	1.70788656	-4.368049657	1.25E-05	0.00049108
TRINITY_DN9260_c0_g1_i9	50.9394528	-9.0204838	1.837675852	-4.908637066	9.17E-07	4.77E-05
TRINITY_DN927_c0_g1_i6	31.30662253	-8.319076083	1.861261591	-4.46958994	7.84E-06	0.000321741
TRINITY_DN9354_c0_g1_i3	85.58967458	6.035738119	1.129954942	5.341574161	9.21E-08	6.12E-06
TRINITY_DN937_c0_g2_i6	28.06312626	-8.162622088	2.12467246	-3.84182609	0.000122122	0.003924079
TRINITY_DN941_c0_g1_i1	23.26130716	8.125014464	2.261702496	3.592432904	0.000327605	0.00979081
TRINITY_DN9435_c0_g1_i1	165.9396119	6.907109515	0.870920074	7.930819048	2.18E-15	3.89E-12
TRINITY_DN9442_c0_g1_i2	69.28824332	-7.100131688	1.322449431	-5.368924905	7.92E-08	5.43E-06
TRINITY_DN9458_c0_g1_i1	24.576242	-7.970124534	1.954012053	-4.078851265	4.53E-05	0.001572463
TRINITY_DN9488_c0_g1_i1	44.03113415	-4.714466863	1.318153567	-3.576568757	0.000348134	0.010372804
TRINITY_DN9511_c0_g1_i1	332.3942787	-6.674284427	0.971774206	-6.868143225	6.50E-12	2.33E-09
TRINITY_DN9530_c0_g1_i1	287.7983254	-5.909898641	1.110224041	-5.323158589	1.02E-07	6.64E-06
TRINITY_DN9571_c0_g1_i1	85.1040106	-6.444738831	1.203849199	-5.353443635	8.63E-08	5.79E-06
TRINITY_DN9603_c0_g1_i1	15.79052321	-7.33206579	2.175068524	-3.370958528	0.000749071	0.021073659
TRINITY_DN9633_c0_g1_i1	19.35348832	-7.626476145	2.158880229	-3.532607341	0.000411483	0.012023501
TRINITY_DN9634_c0_g1_i1	45.47989071	-5.539374252	1.282299467	-4.319875657	1.56E-05	0.00059497
TRINITY_DN9638_c0_g1_i1	116.4594837	-5.631548569	1.138177444	-4.947865205	7.50E-07	3.94E-05
TRINITY_DN9647_c0_g1_i1	127.3877538	-8.92375829	1.522600539	-5.860866368	4.60E-09	4.89E-07
TRINITY_DN9662_c0_g1_i11	72.33881585	-9.526759763	1.710104244	-5.570864933	2.53E-08	2.07E-06
TRINITY_DN9662_c0_g1_i5	92.42633177	10.1173229	1.699126829	5.954424786	2.61E-09	3.02E-07
TRINITY_DN9670_c0_g1_i1	85.29175372	-6.441782053	1.167895119	-5.515719646	3.47E-08	2.71E-06
TRINITY_DN9677_c0_g1_i1	172.4046826	-5.939027586	1.03612973	-5.731934345	9.93E-09	9.11E-07
TRINITY_DN974_c0_g1_i2	21.0488583	-7.74742256	2.082475594	-3.720294529	0.000198991	0.006152751
TRINITY_DN9754_c0_g1_i1	81.87172546	-9.70602052	1.6439196	-5.904194171	3.54E-09	3.85E-07
TRINITY_DN9765_c0_g1_i1	77.26073411	-5.986974977	1.131383052	-5.291731184	1.21E-07	7.66E-06
TRINITY_DN9769_c0_g1_i1	227.1034095	-6.87669176	0.90893621	-7.565648375	3.86E-14	3.45E-11
TRINITY_DN9783_c0_g1_i1	37.2696938	-7.155720634	1.722709135	-4.153760196	3.27E-05	0.001165137
TRINITY_DN9783_c0_g2_i1	25.10156223	-6.587500073	1.853147711	-3.554762545	0.000378321	0.011204329
TRINITY_DN9786_c0_g1_i1	129.0693773	-7.416982716	1.091835412	-6.793132586	1.10E-11	3.27E-09
TRINITY_DN98_c0_g1_i14	69.43435061	-7.10278871	1.31861439	-5.386554828	7.18E-08	4.97E-06
TRINITY_DN9817_c0_g1_i1	146.1780917	-6.638722445	0.969227852	-6.849496153	7.41E-12	2.43E-09
TRINITY_DN9838_c0_g2_i1	60.76716731	-7.859247686	1.62438927	-4.838278504	1.31E-06	6.42E-05
TRINITY_DN9838_c0_g3_i1	76.33267339	-6.272837614	1.130867948	-5.546923162	2.91E-08	2.32E-06
TRINITY_DN9909_c0_g1_i1	69.53623178	-8.053848962	1.612963162	-4.993200807	5.94E-07	3.19E-05
TRINITY_DN9946_c0_g1_i2	10326.13425	1.398603005	0.403628883	3.465071666	0.00053009	0.015240093
TRINITY_DN9973_c0_g1_i1	168.7388597	-7.401628776	1.003435994	-7.376283908	1.63E-13	1.19E-10