Trinity_ID	baseMean	log2FoldChange	lfcSE	stat	pvalue	padj
TRINITY_DN2973_c0_g1_i10	41.56193535	8.659133178	1.952968919	4.433830509	9.26E-06	0.002636459
TRINITY_DN3830_c0_g1_i1	32.78934494	-8.595489273	2.071158267	-4.150088098	3.32E-05	0.006684538
TRINITY_DN1020_c0_g1_i1	588.744287	1.434020244	0.393735596	3.642089409	0.000270434	0.033573433
TRINITY_DN2313_c0_g2_i6	613.7156767	-2.945315812	0.359645047	-8.189507508	2.62E-16	9.49E-13
TRINITY_DN155_c0_g1_i1	3782.561195	1.692277123	0.22393157	7.557117211	4.12E-14	9.94E-11
TRINITY_DN9354_c0_g1_i1	9309.502052	-1.143308082	0.272386395	-4.197375875	2.70E-05	0.005926085
TRINITY_DN2324_c0_g1_i2	29.52217569	7.909719763	2.134881934	3.704991661	0.000211398	0.02832729
TRINITY_DN155_c0_g1_i2	4560.068112	-0.903035161	0.225935636	-3.996869093	6.42E-05	0.010555642
TRINITY_DN1601_c0_g1_i9	48.46869777	-9.173000767	1.891231922	-4.850278096	1.23E-06	0.000563486
TRINITY_DN1405_c0_g2_i3	141.2125105	2.71879341	0.69869525	3.891243583	9.97E-05	0.01519282
TRINITY_DN792_c0_g1_i11	145.2019073	-3.05795947	0.666662357	-4.586968854	4.50E-06	0.001414883
TRINITY_DN3151_c0_g1_i1	41.64860494	8.600598341	1.953627128	4.402374545	1.07E-05	0.002923685
TRINITY_DN176_c0_g1_i5	502.5311424	1.705198846	0.438583749	3.887966327	0.000101088	0.015238963
TRINITY_DN6305_c0_g1_i4	7540.785413	-0.786703044	0.203254886	-3.870524638	0.000108601	0.016037543
TRINITY_DN325_c0_g1_i10	1524.396936	1.259670341	0.266193669	4.732157404	2.22E-06	0.000864114
TRINITY_DN1685_c0_g1_i2	366.687059	1.943248751	0.480420922	4.044887853	5.23E-05	0.009469785
TRINITY_DN1509_c0_g1_i2	1434.714338	2.032398805	0.452720606	4.489300415	7.15E-06	0.002200282
TRINITY_DN14186_c0_g1_i1	9161.250581	-0.813500936	0.200918795	-4.048904122	5.15E-05	0.009426588
TRINITY_DN1631_c0_g1_i2	577.2367331	1.538578277	0.363079574	4.23757872	2.26E-05	0.00536041
TRINITY_DN1249_c0_g1_i5	1351.905092	0.977335824	0.278334912	3.511366282	0.00044581	0.049628905
TRINITY_DN1672_c0_g1_i1	2061.682496	-1.316865366	0.322294613	-4.085905603	4.39E-05	0.008586439
TRINITY_DN915_c0_g1_i1	167.5771913	-4.177518091	0.654845815	-6.379391904	1.78E-10	2.57E-07
TRINITY_DN6753_c0_g1_i10	3558.023073	-1.65574073	0.222779689	-7.432188884	1.07E-13	1.93E-10
TRINITY_DN2308_c0_g1_i2	45.45436416	8.78816553	1.914749582	4.589720562	4.44E-06	0.001414883
TRINITY_DN69_c0_g2_i3	25.45707441	-8.293850097	2.217341492	-3.740447795	0.000183693	0.025079252
TRINITY_DN464_c0_g1_i2	1797.91324	1.351853565	0.250743785	5.391374159	6.99E-08	4.60E-05
TRINITY_DN671_c0_g1_i11	63.54450087	5.200091619	1.435623934	3.622182311	0.000292128	0.03582778
TRINITY_DN1105_c0_g1_i6	45.71351791	8.796567807	1.912411247	4.599726037	4.23E-06	0.00139144
TRINITY_DN1689_c0_g1_i2	877.2566563	-1.308210624	0.312740816	-4.18305049	2.88E-05	0.006121304
TRINITY_DN325_c0_g1_i2	654.6772928	1.523771631	0.362561183	4.202798597	2.64E-05	0.005926085
TRINITY_DN541_c0_g1_i1	16900.5625	-0.789266235	0.189640362	-4.161910614	3.16E-05	0.00652472
TRINITY_DN8565_c0_g1_i1	2002.264983	1.230537404	0.296519406	4.149938855	3.33E-05	0.006684538
TRINITY_DN11721_c0_g1_i1	3243.63594	-1.512472808	0.268560869	-5.631769111	1.78E-08	1.62E-05
TRINITY_DN915_c0_g1_i2	203.1947663	-3.190284485	0.648118622	-4.92237744	8.55E-07	0.000412448
TRINITY_DN211_c0_g1_i2	15305.20095	0.775825297	0.192157978	4.037434755	5.40E-05	0.009571995
TRINITY_DN4749_c0_g1_i2	124.522718	-3.589235991	0.74032571	-4.848184982	1.25E-06	0.000563486
TRINITY_DN748_c0_g1_i1	5589.474244	-1.044123676	0.290168629	-3.598334106	0.000320262	0.037990427
TRINITY_DN4591_c0_g1_i2	59.31447441	-5.170659818	1.338471032	-3.863109244	0.000111953	0.01636548
TRINITY_DN792_c0_g1_i10	98.42586918	-5.583721255	1.33296291	-4.188954707	2.80E-05	0.006053234
TRINITY_DN340_c0_g1_i1	141.4021786	2.53105585	0.695126139	3.641146131	0.000271427	0.033573433
TRINITY_DN1591_c0_g1_i5	38.65282429	-5.81940982	1.590225958	-3.659486119	0.000252722	0.032366248
TRINITY_DN16408_c0_g1_i4	33.15885114	-8.369337014	2.074898654	-4.033612436	5.49E-05	0.009576956
TRINITY_DN7024_c0_g1_i9	21559.6355	-0.906969837	0.232199602	-3.905992211	9.38E-05	0.014447295
TRINITY_DN247_c0_g1_i3	84.75568185	-3.188582338	0.882546797	-3.612932875	0.000302753	0.036818847
TRINITY_DN3114_c0_g1_i2	1096.872418	1.279475617	0.297832223	4.295961008	1.74E-05	0.004416198
TRINITY_DN164_c0_g1_i8	743.6988712	-3.275036121	0.685797513	-4.775514724	1.79E-06	0.000764213
TRINITY_DN7769_c0_g1_i1	73.39777905	-9.77433553	1.753908499	-5.572887946	2.51E-08	2.01E-05
TRINITY_DN188_c0_g1_i3	570.7093034	1.415043846	0.385545791	3.67023549	0.000242327	0.031588722
TRINITY_DN11036_c5_g1_i1	79037.06239	-1.062579445	0.249716691	-4.255139866	2.09E-05	0.00507099
TRINITY_DN1657_c0_g1_i9	98.87291065	5.108760352	1.334801091	3.827357039	0.000129527	0.018377534
TRINITY_DN24543_c0_g1_i1	110.8965633	3.050543016	0.751293043	4.060390339	4.90E-05	0.009089667
TRINITY_DN1055_c0_g2_i1	64.94450994	-5.258969633	1.292708096	-4.068180318	4.74E-05	0.0089053
TRINITY_DN24198_c0_g1_i1	1429.545343	1.397007151	0.311775562	4.480810306	7.44E-06	0.002241959
TRINITY_DN1982_c0_g1_i14	579.7324361	-3.533600068	0.404910609	-8.726864614	2.62E-18	1.26E-14
TRINITY_DN1257_c0_g2_i3	608.7829409	2.292315598	0.537214031	4.267043427	1.98E-05	0.004942453
TRINITY_DN20228_c0_g1_i1	4283.488321	-0.895992362	0.239540424	-3.740464119	0.000183681	0.025079252
TRINITY_DN56_c0_g1_i14	5741.212703	0.949036184	0.223106894	4.253728645	2.10E-05	0.00507099
TRINITY_DN9448_c0_g1_i1	1950.50941	-1.510023385	0.370064156	-4.080436756	4.50E-05	0.008673776
TRINITY_DN6753_c0_g1_i11	307.6121378	-1.705448596	0.462332079	-3.688795723	0.000225318	0.02991562
TRINITY_DN394_c0_g1_i7	453.3014541	-2.976597777	0.679848987	-4.378322	1.20E-05	0.003205188
TRINITY_DN2973_c0_g1_i15	31.05610802	-8.577868212	2.098946132	-4.086750051	4.37E-05	0.008586439
TRINITY_DN28078_c0_g1_i1	1330.368217	-1.29291457	0.322704786	-4.006493323	6.16E-05	0.010413153
TRINITY_DN6753_c0_g1_i4	1091.530319	-4.22774891	0.556976774	-7.590529991	3.19E-14	9.22E-11
TRINITY_DN1946_c0_g1_i2	46.15113331	8.810310783	1.908520772	4.616303325	3.91E-06	0.001347222
TRINITY_DN1167_c0_g1_i3	319.7006333	1.665750344	0.470360533	3.541433067	0.00039796	0.046074195
TRINITY_DN23958_c0_g1_i1	2553.851197	-1.066856515	0.231203143	-4.614368568	3.94E-06	0.001347222
TRINITY_DN325_c0_g1_i14	878.6162499	1.482934387	0.321591958	4.611229697	4.00E-06	0.001347222
TRINITY_DN2196_c0_g1_i1	123.1560254	-3.116439155	0.742508127	-4.197178511	2.70E-05	0.005926085
TRINITY_DN790_c0_g1_i2	105.6908106	-5.734916825	1.11645435	-5.136723077	2.80E-07	0.000161838
TRINITY_DN5910_c0_g1_i1	165.4210251	-3.450712652	0.663542454	-5.200439901	1.99E-07	0.000119887
TRINITY_DN3027_c0_g1_i33	58.90559454	9.1348814	1.819263871	5.021196511	5.14E-07	0.000256257
TRINITY_DN6703_c0_g1_i8	27.86649776	-8.378304659	2.163095269	-3.873294338	0.000107374	0.016019761
TRINITY_DN3233_c0_g1_i25	513.7840222	-2.130893353	0.38793334	-5.492936886	3.95E-08	2.86E-05
TRINITY_DN27740_c0_g1_i1	79.09621591	-3.814027133	0.937067397	-4.070173762	4.70E-05	0.0089053
TRINITY_DN3036_c0_g1_i2	621.6959901	1.670241281	0.350992758	4.758620352	1.95E-06	0.000805299
TRINITY_DN1434_c0_g1_i1	1920.848156	1.073654213	0.269660744	3.981499846	6.85E-05	0.011135597
TRINITY_DN1153_c0_g2_i3	29.43503672	-8.122325725	2.146586	-3.783834296	0.000154431	0.02148962
TRINITY_DN3395_c0_g1_i2	5374.514101	0.908606365	0.20535772	4.424505527	9.67E-06	0.002690218
TRINITY_DN2856_c0_g1_i6	31.87120941	8.249422736	2.084058335	3.958345406	7.55E-05	0.012135699
TRINITY_DN285_c0_g1_i4	37.09356182	8.49098468	2.005647451	4.233537991	2.30E-05	0.005369656
TRINITY_DN1639_c0_g1_i1	1264.608457	1.522184847	0.278551613	5.464642008	4.64E-08	3.20E-05
TRINITY_DN5806_c0_g1_i1	3011.779744	2.795684206	0.226239958	12.35716376	4.46E-35	6.45E-31
TRINITY_DN391_c0_g1_i4	678.7960063	-1.210749013	0.343558465	-3.52414257	0.000424856	0.0481251
TRINITY_DN29387_c0_g1_i1	330.8504201	-2.281953512	0.448864662	-5.083834184	3.70E-07	0.000198262
TRINITY_DN3873_c0_g1_i8	9834.977585	-0.996665036	0.231643717	-4.302577466	1.69E-05	0.004362859
TRINITY_DN1090_c3_g1_i1	9135.613473	-0.998796165	0.225279596	-4.43358468	9.27E-06	0.002636459
TRINITY_DN2950_c0_g1_i2	104.6213772	-5.400742322	1.366965256	-3.950899484	7.79E-05	0.012247405
TRINITY_DN114_c0_g1_i9	16680.23138	-1.385400318	0.216484869	-6.399524955	1.56E-10	2.51E-07
TRINITY_DN5008_c0_g1_i1	80.1763224	-9.864262335	1.731681101	-5.696350403	1.22E-08	1.36E-05
TRINITY_DN2447_c1_g1_i11	406.935131	1.643574427	0.410422902	4.004587509	6.21E-05	0.010413153
TRINITY_DN1509_c0_g1_i3	114.7399197	2.796921152	0.767549588	3.643961507	0.000268474	0.033573433
TRINITY_DN1116_c0_g1_i5	1230.030168	1.059950571	0.288758326	3.670718642	0.000241869	0.031588722
TRINITY_DN2217_c0_g1_i5	47.69410089	8.841849196	1.895769502	4.663989577	3.10E-06	0.001150847
TRINITY_DN2217_c0_g1_i4	44.97134306	-9.125644274	1.91993605	-4.753098038	2.00E-06	0.000805299
TRINITY_DN2402_c0_g1_i6	33.92253337	-8.623999179	2.053964507	-4.198708959	2.68E-05	0.005926085
TRINITY_DN1683_c0_g1_i3	283.3187157	1.828502228	0.478210577	3.823634011	0.000131499	0.018476257
TRINITY_DN726_c0_g1_i2	347.1991477	2.744303533	0.481028942	5.705069473	1.16E-08	1.36E-05
TRINITY_DN2135_c0_g1_i3	32.51141712	-8.364279478	2.085873317	-4.009965231	6.07E-05	0.010413153
TRINITY_DN4784_c0_g1_i1	2531.635315	-0.906700943	0.235230249	-3.85452529	0.000115954	0.016614773
TRINITY_DN199_c0_g1_i3	558.5214189	1.812112075	0.392515107	4.616668356	3.90E-06	0.001347222
TRINITY_DN4820_c0_g1_i1	1953.214882	-2.043149816	0.400298522	-5.104065356	3.32E-07	0.000185038
TRINITY_DN1167_c0_g1_i7	182.9153681	-4.742255094	0.636477193	-7.450785588	9.28E-14	1.92E-10
TRINITY_DN8565_c0_g1_i4	1772.934725	1.683410198	0.296393306	5.67964986	1.35E-08	1.40E-05
TRINITY_DN1_c0_g1_i3	1527.9064	-0.931740495	0.264425016	-3.523647311	0.00042565	0.0481251
TRINITY_DN2308_c0_g1_i1	30.5332617	-8.514909266	2.109436472	-4.036580092	5.42E-05	0.009571995
TRINITY_DN56_c0_g1_i16	7840.4689	1.268524327	0.251271187	5.048427336	4.45E-07	0.00023024
TRINITY_DN6753_c0_g1_i9	726.0365704	-5.773975994	0.588519598	-9.81101736	1.01E-22	7.30E-19
TRINITY_DN737_c0_g1_i4	2182.069271	1.382335185	0.246410693	5.609883107	2.02E-08	1.72E-05
TRINITY_DN190_c0_g1_i1	1147.526378	1.761956705	0.397459394	4.433048338	9.29E-06	0.002636459
TRINITY_DN8743_c0_g1_i3	115.4284104	7.71317886	1.369819787	5.630798248	1.79E-08	1.62E-05
TRINITY_DN2925_c0_g1_i6	32.10688077	8.2240842	2.081338822	3.951343295	7.77E-05	0.012247405
TRINITY_DN1052_c2_g2_i1	442.5866713	-2.923806256	0.472533126	-6.187515959	6.11E-10	8.04E-07
TRINITY_DN226_c0_g1_i6	51.26461625	8.922646652	1.868544468	4.775185608	1.80E-06	0.000764213
TRINITY_DN169_c0_g1_i16	243.696321	-5.940034256	1.256388934	-4.727862602	2.27E-06	0.000864114
TRINITY_DN3728_c0_g1_i3	23.44182708	-8.175187212	2.271739235	-3.598646837	0.000319877	0.037990427
TRINITY_DN7206_c0_g1_i4	62.04197355	-5.736701101	1.329624011	-4.314528809	1.60E-05	0.004208554
TRINITY_DN65_c0_g1_i1	741.3434816	1.268534305	0.328800828	3.85806299	0.000114289	0.016539933
TRINITY_DN2157_c0_g1_i2	307.8836336	-1.920764622	0.459796548	-4.177422885	2.95E-05	0.006183751
TRINITY_DN404_c0_g1_i3	78.58035503	9.557423816	1.734371612	5.510597468	3.58E-08	2.72E-05
TRINITY_DN1016_c0_g1_i1	157.8116562	-2.206695212	0.627309376	-3.51771438	0.000435281	0.048832409
TRINITY_DN15_c0_g1_i5	2441.359109	-0.942868657	0.239923975	-3.929864266	8.50E-05	0.013226136
TRINITY_DN3015_c0_g1_i13	78.25860057	-4.760362239	1.319826783	-3.606808334	0.000309986	0.037384367
TRINITY_DN3438_c0_g1_i3	702.7360016	-1.294832991	0.353009166	-3.667986881	0.000244468	0.031588722
TRINITY_DN26764_c0_g1_i12	42786.68962	-0.784336359	0.195947405	-4.002790243	6.26E-05	0.010413153
TRINITY_DN103_c59_g1_i1	569064.4397	-0.746692849	0.211482432	-3.530755924	0.000414374	0.047593806
TRINITY_DN15_c0_g1_i1	29847.39092	-0.896583348	0.240157665	-3.733311399	0.000188979	0.025559813
TRINITY_DN15161_c0_g1_i1	926.6958137	-1.211033625	0.331575575	-3.652360781	0.00025984	0.032986064
TRINITY_DN4377_c0_g1_i1	2061.122258	1.531172169	0.28784542	5.319425167	1.04E-07	6.55E-05
TRINITY_DN3519_c0_g1_i9	506.1301806	1.405727961	0.395295835	3.556141596	0.000376341	0.043922671
TRINITY_DN2764_c0_g1_i3	97.49486154	-4.955972597	1.381773018	-3.586676345	0.00033492	0.03940615