baseMean	log2FoldChange	lfcSE	stat	pvalue	padj
TRINITY_DN12600_c0_g1_i2	48.2526656877655	8.91885866737021	2.13760580460886	4.17235892985526	3.01462247145792e-05	0.00946591456037785
TRINITY_DN12397_c1_g1_i1	58.7190547573498	-9.37327265489031	2.03520484293619	-4.60556719262101	4.11343134896168e-06	0.00247205655789975
TRINITY_DN428_c0_g1_i6	1246.6302746712	1.69991297306759	0.40423033753493	4.20530775456877	2.60727130581079e-05	0.00850171005025533
TRINITY_DN10286_c0_g1_i1	153.545671755928	3.23443283509756	0.864498325003167	3.74139861414504	0.000182999001052019	0.0323221985608129
TRINITY_DN4702_c0_g1_i2	83.3709986365158	9.70060178430317	1.88167167019597	5.15531053475067	2.53210951258538e-07	0.00033026499150306
TRINITY_DN1091_c0_g1_i16	62.1092242735032	-9.32320761878875	2.01121792318968	-4.63560289081089	3.55898639078788e-06	0.00227009470455257
TRINITY_DN32526_c0_g1_i15	61.0893203234088	8.87815160081644	2.02108189276107	4.39277182810622	1.1191456699437e-05	0.00441307766966635
TRINITY_DN30357_c0_g2_i2	36.0191651378039	8.49716527423858	2.32346125105867	3.65711512097173	0.000255069841851316	0.0393178567130083
TRINITY_DN5929_c1_g1_i14	265.812192627543	-4.61708234692935	0.700532534976289	-6.59081786556226	4.37410225206071e-11	1.85418194464853e-07
TRINITY_DN1566_c1_g1_i12	40.1453573715011	8.6353527695918	2.25031669595603	3.83739443657425	0.000124346659263851	0.0249874257370553
TRINITY_DN5253_c0_g1_i1	101.371738576374	6.17390608729447	1.35016043286508	4.57272035012407	4.81432498321002e-06	0.00263328046500997
TRINITY_DN3844_c0_g1_i29	183.12409910989	4.75716589208561	1.27675039197072	3.7259952469979	0.000194546069581797	0.0333204359174642
TRINITY_DN1308_c4_g1_i22	203.230388964188	3.93572169081732	1.06575734343693	3.69288723653091	0.000221722354162497	0.0361492715113394
TRINITY_DN23694_c0_g1_i6	70.6605650202696	-9.72716830563182	1.9487214625086	-4.99156420903273	5.98922657262085e-07	0.000677022171769061
TRINITY_DN23_c1_g1_i10	96.6700057118256	5.37421696188732	1.44363812900164	3.72268981673677	0.000197111619344409	0.0334222461760379
TRINITY_DN2906_c0_g1_i15	53.8521968360973	9.06640808040624	2.07746377907034	4.36417143429738	1.276054808069e-05	0.0049174512103677
TRINITY_DN6902_c0_g1_i18	38.9926367340092	8.50547723995496	2.27078947184084	3.74560360853703	0.000179960555087955	0.0323221985608129
TRINITY_DN98711_c0_g1_i1	1047.76121593989	1.62098254209532	0.408235454606833	3.9707049542193	7.1660279290921e-05	0.0187091838208487
TRINITY_DN9515_c0_g1_i5	76.9601262259457	-5.10411914835536	1.32234526848136	-3.85989897647318	0.000113433910750229	0.0240423173835111
TRINITY_DN276_c0_g1_i3	110.441209807403	10.1139555413013	1.78740798167803	5.65844823620304	1.52747771054515e-08	3.69998743714336e-05
TRINITY_DN23_c2_g1_i9	495.901071077982	1.89250015610677	0.520349925716805	3.63697593210908	0.000275857695724133	0.0417628847205214
TRINITY_DN691_c3_g1_i15	81.4929537045016	8.20989391974122	1.74071043776738	4.71640414259317	2.40049384045218e-06	0.00185012607085033
TRINITY_DN2145_c1_g1_i10	208.904415041104	2.77238751783897	0.747297439325013	3.7098849426583	0.000207353460330573	0.0341348084792738
TRINITY_DN22623_c0_g1_i10	11631.9528953817	-2.14297618984093	0.333283071626721	-6.42989810247871	1.27689514044069e-10	4.33020680026247e-07
TRINITY_DN34022_c0_g1_i2	70.8969098472681	7.29634531469533	1.69593221923216	4.30226233805428	1.69062971504246e-05	0.00597214946838748
TRINITY_DN4655_c0_g1_i16	395.385437203459	3.25841826107797	0.715106575935388	4.55654915047569	5.20008751856348e-06	0.00273066860612899
TRINITY_DN63_c0_g1_i16	99.2159063641929	-5.92167921231191	1.36600619226499	-4.33503101658208	1.45739571757478e-05	0.00537208734504303
TRINITY_DN15422_c0_g1_i9	62.5721118357379	9.17427342390916	2.0045212895676	4.57679021502844	4.72164525035122e-06	0.00263328046500997
TRINITY_DN1838_c0_g1_i1	6493.61900468776	1.11864216728483	0.292247967902892	3.82771581035094	0.000129337966959853	0.0252075237674859
TRINITY_DN1968_c0_g1_i1	1208.47352836915	1.41074487637126	0.385708905416164	3.65753773522322	0.000254649778496135	0.0393178567130083
TRINITY_DN1308_c4_g1_i39	112.813429347101	-5.83128410105302	1.40925761196603	-4.13784112396449	3.50588987387538e-05	0.0108083397638965
TRINITY_DN14959_c1_g1_i22	44.0138807670127	8.78660837339616	2.19185432304082	4.00875563719319	6.10395384388452e-05	0.0174474224618586
TRINITY_DN60570_c0_g1_i6	1451.38090071448	2.9422420694792	0.35805439036386	8.21730482480399	2.08127571792114e-16	1.76450555365355e-12
TRINITY_DN5929_c1_g1_i4	347.858681172636	8.69856007620777	2.28441995112371	3.80777626807581	0.000140222047252917	0.0270182390138688
TRINITY_DN5253_c0_g1_i9	81.3668972896143	-8.56679766745381	1.83590642020917	-4.66624963731962	3.06746995928173e-06	0.00216716752623254
TRINITY_DN14944_c0_g1_i2	75.8533734473538	-5.45664827070702	1.50503909605427	-3.62558573063822	0.000288307227669603	0.0430046749747952
TRINITY_DN13131_c0_g1_i5	35.6202737416534	8.45301133124711	2.33196365557588	3.62484694434899	0.000289132634296217	0.0430046749747952
TRINITY_DN186_c2_g1_i12	122.085240206869	-7.22527483807663	1.32516474820996	-5.45235967666403	4.97057916991863e-08	0.000105351425506425
TRINITY_DN4867_c0_g2_i6	40.435418981152	8.61561537469984	2.24622731987635	3.83559370793073	0.000125261334492197	0.0249874257370553
TRINITY_DN19145_c0_g1_i3	37.9677417710145	8.57245793000394	2.28726054695294	3.7479149200663	0.000178310713194456	0.0323221985608129
TRINITY_DN3668_c0_g1_i7	144.223711058969	3.61639889283689	0.893155863960479	4.04901209157477	5.1434287671827e-05	0.0150365479614396
TRINITY_DN1055_c3_g1_i24	42.0920072081293	8.70823143729658	2.21996634136111	3.92268624755697	8.75671536823835e-05	0.0205205003864697
TRINITY_DN281_c1_g1_i8	34.3339470399172	8.41348352038971	2.35815308658119	3.56782753768858	0.000359953286040202	0.0496208773829079
TRINITY_DN1080_c1_g1_i4	87.0174029269998	5.09874058602208	1.38901843819741	3.67075083080893	0.000241839010337787	0.0383235725167057
TRINITY_DN2024_c13_g1_i1	12299.6740184913	-1.42092792514142	0.292448970140685	-4.85872090593401	1.18146538044258e-06	0.00102801052699783
TRINITY_DN1968_c0_g1_i3	719.684089101986	1.79290819008703	0.462337350583042	3.87792201479296	0.000105352474520709	0.022612108328774
TRINITY_DN15508_c0_g1_i3	38.4535934458151	-8.87719448034426	2.27909181003005	-3.89505786527626	9.81752894850841e-05	0.0219034237961722
TRINITY_DN1688_c1_g1_i2	3880.85828526788	-1.36841013915044	0.321242367336448	-4.25974366487363	2.04661479937346e-05	0.0070821225588115
TRINITY_DN3136_c0_g2_i2	3156.9115546729	1.25831213203169	0.337196098012377	3.73169244676582	0.000190197626162669	0.0332473293733424
TRINITY_DN8852_c2_g2_i1	59.8994636978736	-9.51575201095548	2.0237675825269	-4.70199843752511	2.57627472153713e-06	0.00189927452949494
TRINITY_DN12078_c3_g1_i7	36.7733371791732	-8.68305497787304	2.31214199890447	-3.75541596579589	0.000173053819905861	0.0322450612123492
TRINITY_DN3138_c4_g1_i6	46.0234800425983	8.48705861551743	2.1727373479675	3.90615949206041	9.37746294228391e-05	0.0214870623850494
TRINITY_DN1804_c1_g1_i20	1733.4679370738	-2.69418103422307	0.499442700616132	-5.39437463176342	6.87626173170753e-08	0.000116593893922833
TRINITY_DN33269_c0_g1_i3	53.6289382585685	9.02673418333301	2.08000511504924	4.33976537750933	1.42634922199994e-05	0.00537208734504303
TRINITY_DN7420_c1_g1_i4	37.3016382463753	8.26466325254476	2.30484900803797	3.58577209340935	0.000336082378546919	0.0474884400886797
TRINITY_DN6643_c1_g1_i4	40.9907659227093	8.33699516053607	2.2437719086736	3.71561615880309	0.000202709113023296	0.0339490703013766
TRINITY_DN9479_c0_g1_i7	37.1159185641922	-8.82596107972147	2.30320571932047	-3.83203332888799	0.000127088516925242	0.0250571266626094
TRINITY_DN4235_c1_g1_i7	550.168003242916	-4.83197567683239	0.5175811773445	-9.33568662914542	1.00338755597165e-20	1.70134393990554e-16
TRINITY_DN1767_c1_g1_i1	59.4651248678971	9.21383477932041	2.02693782252266	4.5456918692519	5.47550911821099e-06	0.00273066860612899
TRINITY_DN1536_c0_g1_i1	792.482826806919	2.06391445135554	0.575259694502946	3.58779603556073	0.000333484998770623	0.0474884400886797
TRINITY_DN5477_c0_g1_i1	176.072364557459	-3.52889453376171	0.833163460429592	-4.23553684404517	2.28006312380164e-05	0.00773215006543614
TRINITY_DN19749_c0_g1_i28	1682.74103153241	1.95245506127419	0.341606889511366	5.715502588566	1.09380256047561e-08	3.09108603590407e-05
TRINITY_DN269_c2_g2_i2	242.571522377155	-2.73956411657948	0.694127757847017	-3.94677216925715	7.92118668596049e-05	0.0198206685031266
TRINITY_DN2310_c0_g1_i2	180.276731866348	-2.90464969218688	0.793851977903027	-3.65893110181517	0.000253269413126106	0.0393178567130083
TRINITY_DN11178_c0_g1_i1	68.3529654998299	9.32314427478819	1.96393439956281	4.74717703242207	2.06275395704663e-06	0.00166552648074679
TRINITY_DN2239_c0_g1_i7	55.173226780146	-9.39515701597035	2.06512362536228	-4.5494404792944	5.3788745245601e-06	0.00273066860612899
TRINITY_DN5253_c0_g1_i6	55.4324387406492	9.11200753157799	2.06231124086908	4.41834741090686	9.94584603041719e-06	0.00411321378760375
TRINITY_DN6714_c0_g1_i3	68.2083921032168	-9.61643971105477	1.96479752728314	-4.89436676172534	9.8622765507985e-07	0.000929026451085219
TRINITY_DN9515_c0_g1_i24	94.2455844637401	-4.79808208011588	1.22125788026336	-3.9288033736832	8.53696047105435e-05	0.0205205003864697
TRINITY_DN10220_c0_g1_i3	509.856720033531	-2.15345747322026	0.509438208508539	-4.22712202825314	2.36699315219155e-05	0.00786955605658039
TRINITY_DN4763_c0_g1_i3	2760.26883498085	-1.60455284507562	0.391764996193275	-4.09570242534895	4.20890277827673e-05	0.0127439563407965
TRINITY_DN34520_c0_g1_i5	57.0356208189722	9.09744246710241	2.04842490041515	4.4411891621014	8.946310672143e-06	0.00388958060915017
TRINITY_DN4655_c0_g1_i15	1776.37270594037	-1.27631189826281	0.342432665231456	-3.72719085487982	0.000193625836642285	0.0333204359174642
TRINITY_DN1736_c1_g1_i23	74.9292523800224	5.38024533624938	1.50298840928224	3.57969848804007	0.000343990880922614	0.0482042097266434
TRINITY_DN8902_c0_g1_i3	81.9838213101065	-9.94063964530332	1.88870658974339	-5.26319953521944	1.41569786689973e-07	0.000218223391192289
TRINITY_DN2789_c0_g3_i2	55.6805642885315	9.11879624849572	2.05993595165728	4.42673775422939	9.56689248161697e-06	0.00405540572295743
TRINITY_DN15422_c0_g1_i21	46.9853014753684	-7.82736141489871	2.03788144795564	-3.84093069925679	0.000122568716573872	0.0249874257370553
TRINITY_DN7124_c0_g1_i5	43.8459551347205	8.71589967319539	2.19516203004943	3.97050402379597	7.17207447720668e-05	0.0187091838208487
TRINITY_DN4897_c0_g1_i16	42.2770926244454	8.33217921138683	2.22547138914667	3.74400643927474	0.000181109008098271	0.0323221985608129
TRINITY_DN3644_c0_g1_i3	97.3240897066562	-4.45196046861455	1.15573513643646	-3.85205946263911	0.000117128570220566	0.0242199028860965
TRINITY_DN4742_c0_g1_i7	48.8023229321843	8.92472978830655	2.13125046780909	4.18755557974427	2.8197498187997e-05	0.00902107130708823
TRINITY_DN868_c1_g2_i5	148.219692483764	6.2880125482946	1.20677339774103	5.21059923931466	1.88231661101875e-07	0.00026597133713695
TRINITY_DN1940_c2_g1_i12	491.328217021516	2.2401523877746	0.577272888891218	3.88057785301042	0.000104208580387288	0.022612108328774
TRINITY_DN4235_c1_g1_i1	452.877892506875	-4.51922093980048	0.559309105578076	-8.08000601944362	6.47635763722167e-16	3.66043733655769e-12
TRINITY_DN39893_c0_g1_i2	99.467790462568	-4.4170361539259	1.22360136451397	-3.60986533852092	0.000306356007828553	0.045170195380356
TRINITY_DN43504_c0_g1_i5	323.989725615333	-3.77042662301723	0.959294620646533	-3.93041568447041	8.47991272469532e-05	0.0205205003864697
TRINITY_DN5181_c0_g1_i5	60.66170836374	9.16288762177241	2.01866678774246	4.53907880062741	5.6500520084765e-06	0.00273720805302078
TRINITY_DN105280_c0_g1_i1	108.312875405024	-4.14106106341577	1.05624419652125	-3.92055272545345	8.83461033387762e-05	0.0205205003864697
TRINITY_DN2216_c0_g1_i4	316.964282715421	-5.21059590471269	1.17238619867853	-4.44443640720599	8.81225680734822e-06	0.00388958060915017
TRINITY_DN3644_c0_g1_i1	82.9103903668965	-6.49422624113187	1.4436687771405	-4.49841843500632	6.84608522068706e-06	0.0032245061389436
TRINITY_DN1736_c1_g1_i5	38.7126359105586	-8.48196009483408	2.28394354851164	-3.71373456246826	0.000204222998982096	0.0339490703013766
TRINITY_DN13131_c0_g1_i3	54.6766827027255	9.09965991840809	2.06919424634844	4.39768278616978	1.09412730815121e-05	0.00441307766966635
TRINITY_DN1736_c1_g1_i1	83.8211125111344	-5.32578951236013	1.40055213331629	-3.80263567893718	0.000143164813999649	0.0272753099570566
TRINITY_DN20770_c1_g1_i1	132.115914964116	6.18514043515982	1.25234899883233	4.93883130096064	7.85921648379184e-07	0.000783887498230438
TRINITY_DN1308_c4_g1_i35	601.013051905092	2.55215937187106	0.708614111187041	3.60162087034337	0.000316239329921462	0.0457414839643498
TRINITY_DN4988_c0_g1_i8	37.2940217526545	8.47368242248673	2.30066896351423	3.68313849444178	0.000230379911658207	0.0372030645912053
TRINITY_DN4115_c2_g1_i1	4627.28440036078	-1.08663276183023	0.304520619308509	-3.56833886748851	0.000359251681461662	0.0496208773829079
TRINITY_DN527_c0_g1_i9	61.1961326207173	9.25953133547093	2.01300783900406	4.59984862257272	4.22798066637725e-06	0.00247205655789975
TRINITY_DN19145_c0_g1_i6	37.6121626265392	-8.84416955145178	2.29428679414517	-3.85486660779349	0.000115792746929444	0.0242199028860965
TRINITY_DN7420_c1_g1_i5	62.0262397215203	7.21263449960768	1.76823993086841	4.07899085056033	4.52316168255991e-05	0.0134552156999098
TRINITY_DN1255_c0_g1_i3	253.785796414509	2.91814553273578	0.750458385850194	3.8884841421684	0.000100872259643222	0.0222128575910451
TRINITY_DN17994_c1_g1_i8	40.9322083856402	-8.96611058455206	2.23813464655718	-4.00606397758251	6.17389329860531e-05	0.0174474224618586
TRINITY_DN19749_c0_g1_i18	69.8658096108575	-9.49937747232722	1.9571923860302	-4.85357369062472	1.21256254658861e-06	0.00102801052699783
TRINITY_DN2965_c1_g1_i12	65.890767573785	-5.14457418716802	1.42724804059814	-3.60454107543353	0.000312704992721198	0.0457088435912124
TRINITY_DN769_c4_g1_i8	422.526596839509	-2.16312244722854	0.548189764278398	-3.94593731620645	7.94884087174221e-05	0.0198206685031266
TRINITY_DN48763_c1_g1_i1	5514.86511205185	-1.2434466887134	0.311038189708397	-3.99772995682346	6.39528508508663e-05	0.0177767957217588
TRINITY_DN38606_c0_g1_i12	44.1150033671828	8.70417672999494	2.19201607302782	3.97085442807538	7.16153297852249e-05	0.0187091838208487
TRINITY_DN42758_c0_g1_i4	131.827515295733	-5.14321337424732	1.3664850532594	-3.76382702612041	0.000167332650120296	0.0315254712826637
TRINITY_DN3778_c0_g1_i12	44.6722771053224	8.6521562316576	2.18571014492111	3.958510350406	7.54186733161106e-05	0.0193757427992117
TRINITY_DN3766_c0_g1_i18	854.793917104863	-2.32843923276007	0.429874857285166	-5.41655133651014	6.07595510466567e-08	0.000114470994171901
TRINITY_DN17994_c1_g1_i4	63.1180061796007	9.2876179995915	1.99856650921571	4.6471398158454	3.36569054960181e-06	0.00227009470455257
TRINITY_DN2167_c1_g1_i8	59.3855916203451	-9.40265590558584	2.02976637131679	-4.63238333162745	3.61480048495632e-06	0.00227009470455257
TRINITY_DN213_c0_g1_i2	188.415768978083	3.92316382859888	1.00035240259336	3.92178178252814	8.78965785217436e-05	0.0205205003864697
TRINITY_DN276_c2_g2_i8	71.0604895144214	5.59914972917406	1.52182047811666	3.67924456904623	0.000233925854388871	0.0374193093114876
TRINITY_DN27990_c0_g1_i5	37.8379448446421	-8.58800115153877	2.29491038188734	-3.74219456207086	0.000182420189368676	0.0323221985608129
TRINITY_DN9214_c0_g1_i10	36.116524837418	8.36516257359856	2.32371239555782	3.59991304844353	0.00031832360862192	0.0457414839643498
TRINITY_DN1687_c0_g1_i4	758.026870233335	2.82325682359907	0.552812752553595	5.10707614930673	3.27181920884138e-07	0.000396264046465103
TRINITY_DN15422_c0_g1_i4	54.5669928564421	-7.89197164210581	2.02513493401263	-3.89701027302341	9.73874896222564e-05	0.0219034237961722
TRINITY_DN186_c2_g1_i3	934.37697909612	-2.19949008739144	0.493806202901305	-4.45415645746971	8.4223668198001e-06	0.00385972031882515
TRINITY_DN774_c5_g1_i1	49.7337775895593	-9.1598898339087	2.12254208429784	-4.31552801787622	1.59221854426967e-05	0.00574418247588013
TRINITY_DN2708_c0_g1_i2	290.54034861708	2.36123326333769	0.647340778777907	3.64758924626282	0.000264712377366496	0.0404366042398766
TRINITY_DN3402_c0_g1_i21	43.6169161674446	8.770930308306	2.1975706810219	3.99119372316498	6.57415506014697e-05	0.0179792537419116
TRINITY_DN186_c2_g1_i25	119.576689368986	6.19978491429994	1.24941247330215	4.96216025274194	6.97134391154317e-07	0.000738788171025788
