baseMean	log2FoldChange	lfcSE	stat	pvalue	padj
TRINITY_DN3409_c0_g1_i1	63.7131607962185	8.34444968157529	2.38757125402262	3.49495315271384	0.000474144970198743	0.0385713180118187
TRINITY_DN2313_c0_g2_i6	99.6838941108345	-5.04587383133979	1.3632846579572	-3.70126209657544	0.000214529739417482	0.0297123689093212
TRINITY_DN8225_c0_g1_i1	32.6374822174638	7.90950459634591	2.36842735399487	3.33955972219491	0.000839113062500386	0.0481726461815701
TRINITY_DN1142_c0_g1_i1	97.1486011795767	-8.91754913938246	2.5480558784093	-3.49974630263977	0.000465701149304291	0.0385713180118187
TRINITY_DN1793_c1_g1_i5	86.2787594239712	7.14854501272867	2.14375438998079	3.33459142807526	0.000854248126935987	0.0481726461815701
TRINITY_DN8127_c0_g1_i7	67.0473442155267	9.28708189182216	2.60839851405546	3.56045360468438	0.000370214720590359	0.0376088994524825
TRINITY_DN285_c0_g1_i5	11.2697719784686	5.85907668381718	1.72886297242562	3.38897690404971	0.000701539191444416	0.046235401610047
TRINITY_DN2417_c0_g1_i4	32.0080611853509	7.53320596115309	2.07301271858854	3.63394102390373	0.000279124690785086	0.0345167586372629
TRINITY_DN4338_c0_g1_i7	48.8432866829789	8.94145882291415	2.61860997332456	3.41458213097775	0.000638799312630985	0.043798863762075
TRINITY_DN2641_c0_g1_i1	122.312304162625	10.3143340912668	2.9376423851415	3.51109248131645	0.000446269115648513	0.0385713180118187
TRINITY_DN1703_c0_g1_i4	199.029941629671	9.17901866958115	2.72993803664961	3.3623542169647	0.000772809203202761	0.0473602100192843
TRINITY_DN2670_c1_g1_i14	71.6814195285046	9.73012663031171	2.63639491975537	3.69069389316475	0.000223643140593012	0.0303672303648354
TRINITY_DN9832_c0_g2_i2	67.7119303593082	9.32532087467398	2.1985759665797	4.24152770539982	2.2200347851816e-05	0.00854096715965699
TRINITY_DN7822_c0_g1_i2	79.5450538672284	9.09079476469519	2.69138404653094	3.37773970846442	0.000730842237988151	0.0464319495235592
TRINITY_DN8507_c0_g1_i1	38.7604523549226	8.50953131306529	2.31954303822212	3.66862402328506	0.000243859389928819	0.0318627599105108
TRINITY_DN11908_c0_g1_i3	104.862636912264	7.22870706215484	1.83073145395836	3.94853491293063	7.86309495898638e-05	0.0170020774941561
TRINITY_DN2658_c0_g1_i1	106.068546577087	-8.2118607327933	2.38811841590966	-3.43863213737051	0.000584661124558883	0.0417565632609411
TRINITY_DN4506_c0_g1_i1	60.3475522184035	7.93344664369303	2.29910323295155	3.45067003951285	0.000559196781691836	0.0415971207789084
TRINITY_DN7700_c0_g1_i1	53.9161276923446	8.7020452328482	2.48527868685012	3.50143638976654	0.000462757425261178	0.0385713180118187
TRINITY_DN2169_c0_g1_i11	707.187209516732	12.7383425811572	2.52173977314225	5.05141042578091	4.38559589036329e-07	0.000759256288519145
TRINITY_DN3507_c0_g2_i5	22.6247747941903	8.07946579720991	2.10380498564232	3.84040624123872	0.000122830878491103	0.0224026300900752
TRINITY_DN182_c0_g1_i1	68.9971530975821	-8.4360204669234	2.52598613890578	-3.3396938870685	0.000838707822380322	0.0481726461815701
TRINITY_DN205_c0_g1_i23	505.665163256815	-9.26946178421174	2.30967882359306	-4.01331201963036	5.98726861460235e-05	0.0144738967602764
TRINITY_DN133_c0_g1_i6	69.5578047336349	7.88905633279757	2.27302666931876	3.47072757186873	0.000519050309924071	0.0395804633369161
TRINITY_DN14366_c0_g2_i2	29.5229923807432	7.76578557406639	2.22408102228936	3.49168285518334	0.000479987795995102	0.0385713180118187
TRINITY_DN4686_c0_g2_i1	273.504399654887	6.87066152901449	1.66009194809684	4.13872348269091	3.49243572078902e-05	0.0100771322360267
TRINITY_DN205_c0_g1_i16	464.887278038106	-8.6743066431152	2.18652169481919	-3.96717154175436	7.2730644920993e-05	0.0162470876154154
TRINITY_DN6666_c0_g1_i3	48.3052569151886	8.44746190389031	2.45283294931504	3.44396136159589	0.000573257619416593	0.0417565632609411
TRINITY_DN640_c0_g1_i12	53.65802202084	9.06444742630961	2.50982470958812	3.61158585764228	0.00030433029470419	0.0357201235733307
TRINITY_DN9166_c1_g1_i3	59.9930467792773	8.67415004279207	2.43436248993025	3.56321216691134	0.000366344349117035	0.0376088994524825
TRINITY_DN3844_c0_g1_i2	383.720045732422	-10.8489390455168	2.59450126603576	-4.18151233438913	2.8957653893604e-05	0.00954913110539085
TRINITY_DN2670_c1_g1_i7	70.2303094295778	9.8718247352908	2.91499094520018	3.38657132076027	0.000707718782767506	0.046235401610047
TRINITY_DN508_c0_g1_i1	1807.37677775912	-7.1309193267541	1.8898381666399	-3.7732962814656	0.000161104775937528	0.0265307366487854
TRINITY_DN4076_c0_g1_i2	78.5206967450621	9.00121260586386	2.68919872458804	3.34717271861074	0.00081640326350971	0.0481726461815701
TRINITY_DN7513_c0_g1_i1	65.4456935787617	9.02124940225401	2.6163301098551	3.44805472683782	0.000564639617793124	0.0415971207789084
TRINITY_DN410_c0_g1_i3	137.405305129573	-9.2833709079385	2.58320325765651	-3.59374388384768	0.000325960256744161	0.0376088994524825
TRINITY_DN5513_c0_g1_i10	110.772808076654	10.2948804166116	2.47681723155647	4.15649579849786	3.23166112238107e-05	0.00973011011847344
TRINITY_DN9800_c0_g1_i1	27.2669793440898	7.99158438371772	2.26550367743208	3.52750889937909	0.000419489659524601	0.0385713180118187
TRINITY_DN6835_c0_g1_i1	58.1888652046443	-7.26397836805413	2.19564610312103	-3.30835573079316	0.000938455225589481	0.0493141063455734
TRINITY_DN297_c0_g2_i1	169.432335736473	10.4307469425429	2.27428520849073	4.5863847258915	4.50987220586529e-06	0.00347009611395746
TRINITY_DN0_c0_g1_i3	505.973544730493	-8.1099287510694	2.26100406497383	-3.58687048674689	0.000334670441103395	0.0376088994524825
TRINITY_DN259_c0_g1_i6	82.5834726452511	8.11084999171104	2.29395044733252	3.53575640709353	0.000406609438224249	0.0385713180118187
TRINITY_DN4335_c0_g1_i1	36.6352961060639	-7.17882433643868	2.01657614348511	-3.55990740028889	0.000370985586717191	0.0376088994524825
TRINITY_DN4073_c0_g1_i5	48.362903076047	8.75348159067151	2.31969866816122	3.77354253413019	0.00016094576467283	0.0265307366487854
TRINITY_DN265_c0_g1_i12	1704.73403786476	-10.8693725912417	2.23532457121283	-4.86254780680205	1.15884378181211e-06	0.00133749886484147
TRINITY_DN7064_c0_g1_i1	28.4652930661449	7.79395621441084	2.32731721396254	3.34890154537236	0.000811326205889642	0.0481726461815701
TRINITY_DN225_c0_g1_i6	95.091762718889	6.90918214129827	1.79673282192006	3.84541433039267	0.000120348907453165	0.0224026300900752
TRINITY_DN2670_c1_g1_i12	54.3505488738207	9.1507742267325	2.36419591416473	3.87056511345231	0.000108583348730876	0.0214839911417518
TRINITY_DN2670_c1_g1_i19	126.582557155045	10.3358830922474	2.94313820555928	3.51185787766406	0.000444985894092079	0.0385713180118187
TRINITY_DN4386_c0_g1_i1	60.3433929558592	8.81146356778511	2.6127197838079	3.37252529811784	0.000744822437458864	0.0468899579945694
TRINITY_DN182_c0_g1_i2	74.1801977407173	-8.52845764620449	2.50755189929796	-3.40110912503634	0.000671130308984264	0.0455644842129023
TRINITY_DN3213_c0_g1_i2	37.58822014398	6.85225363441333	1.89673471799032	3.61265788484835	0.000303074455876399	0.0357201235733307
TRINITY_DN2835_c0_g1_i7	50.890969474661	8.09868147252502	2.31680576588509	3.49562384200605	0.000472954921778488	0.0385713180118187
TRINITY_DN11430_c0_g1_i2	25.4880812361413	7.68015577189278	2.16130213046591	3.55348549544861	0.000380162160530509	0.0376088994524825
TRINITY_DN1958_c0_g1_i1	186.542558831601	-9.08797656574111	2.09552108009079	-4.33685762080111	1.44534181292719e-05	0.00625562003407549
TRINITY_DN3476_c0_g1_i1	51.4620324799516	7.2311161437342	2.1897950642967	3.30218852970911	0.000959335665456191	0.0493619847704805
TRINITY_DN10636_c0_g1_i1	38.5804636969191	8.47706629119098	2.56446012018085	3.30559489870061	0.000947750037011664	0.0493471353857577
TRINITY_DN4470_c0_g1_i8	55.2395920161426	9.26073442246507	2.65416002135455	3.48913944447813	0.000484578291267614	0.0385713180118187
TRINITY_DN3228_c0_g1_i2	63.6896008610066	-5.70379897770016	1.42509418938663	-4.00240139927531	6.27028018495729e-05	0.0144738967602764
TRINITY_DN9790_c0_g2_i1	134.301995260435	8.51643822371249	2.39638157897992	3.55387401506305	0.000379601010808429	0.0376088994524825
TRINITY_DN5267_c0_g1_i3	56.1046318136638	7.75085383414416	2.16598988072679	3.57843492396343	0.000345657907970516	0.0376088994524825
TRINITY_DN22192_c0_g1_i1	352.557782033968	-8.28501307812842	2.51266505037287	-3.29730103775628	0.000976188101661184	0.0496307060883739
TRINITY_DN2234_c0_g1_i1	119.743829525113	8.80950133305888	2.07564424309314	4.24422507005868	2.1935011152514e-05	0.00854096715965699
TRINITY_DN2767_c0_g1_i3	76.2248314379941	7.76947452338066	2.34876571505152	3.30789677045768	0.000939994518067247	0.0493141063455734
TRINITY_DN16705_c0_g1_i11	86.6862327356773	9.70507576479178	2.66654014656174	3.63957609162779	0.000273087233980519	0.0343841653693653
TRINITY_DN3045_c0_g1_i1	60.7688311510112	8.91344509524089	2.67338497214742	3.33414199155952	0.00085562967225027	0.0481726461815701
TRINITY_DN0_c0_g2_i2	1748.12272995089	-7.33946808564318	2.16435588770715	-3.39106342322398	0.00069621987564809	0.046235401610047
TRINITY_DN5429_c0_g1_i1	56.8291855064177	8.92672715855169	2.37287740911226	3.7619841312794	0.000168570745494088	0.0265307366487854
TRINITY_DN3754_c0_g1_i5	70.3306554707896	9.1568771838773	2.61524607740329	3.50134439087632	0.00046291721728391	0.0385713180118187
TRINITY_DN7961_c0_g1_i5	45.1892657819275	8.16865979710512	2.42714979815788	3.36553590689163	0.000763951233660816	0.0473602100192843
TRINITY_DN4301_c0_g2_i7	63.0376916049028	9.63785469159248	2.91938932158065	3.30132559585244	0.000962291399857743	0.0493619847704805
TRINITY_DN344_c0_g1_i10	385.747351585412	12.3302076594218	2.81762445145143	4.37610046046777	1.20821345597502e-05	0.00557791878841799
TRINITY_DN8701_c0_g1_i1	20.0792685127353	7.70862532977055	2.32463796370099	3.31605413408025	0.000912981418978213	0.0493141063455734
TRINITY_DN2863_c0_g1_i6	60.6360849538558	8.88479173873849	2.62657804806288	3.38264904988873	0.000717903093424205	0.0464319495235592
TRINITY_DN297_c0_g1_i4	39.0959357080739	8.55802159661539	2.53207489536871	3.37984536408004	0.000725266229342008	0.0464319495235592
TRINITY_DN1721_c0_g1_i2	134.984184882226	10.5662110414526	2.95270073156739	3.57849033885791	0.000345584640631021	0.0376088994524825
TRINITY_DN1336_c0_g1_i19	142.991513181666	10.5739197768685	2.68280955767798	3.9413605586005	8.10207302970617e-05	0.0170020774941561
TRINITY_DN225_c0_g2_i3	59.9962528292582	6.39458553223849	1.74241267749145	3.66996040309163	0.000242588043521698	0.0318627599105108
TRINITY_DN1501_c0_g1_i6	411.467424711977	27.2783224050561	2.77677578464326	9.82373966091059	8.89800439847936e-23	6.16186804594696e-19
TRINITY_DN7374_c0_g1_i2	104.487149315463	8.75342299393705	2.16271406130522	4.04742501588687	5.1784163118242e-05	0.0137925126766856
TRINITY_DN3127_c0_g1_i9	139.647079999556	10.1693562812129	2.30574313776879	4.4104462958756	1.03157788405866e-05	0.00549513603623555
TRINITY_DN265_c2_g2_i1	999.430376995413	-10.5625345724413	2.32965617263946	-4.53394569400089	5.78919193222103e-06	0.00364455946642096
TRINITY_DN1642_c0_g2_i2	62.9381666952328	9.25480047784219	2.41398679568654	3.83382398544153	0.000126166436608365	0.0224026300900752
TRINITY_DN1828_c0_g1_i10	77.9447497946079	9.90324644197447	2.63067154859026	3.76453170190763	0.000166861499007118	0.0265307366487854
TRINITY_DN375_c0_g1_i1	76.1762754481441	-8.59309169331764	2.26833405841176	-3.78828315055779	0.000151691911376844	0.0262616621571162
TRINITY_DN4599_c0_g1_i1	46.4976538370332	7.5695812130352	2.26280167193398	3.34522521656332	0.000822157804741387	0.0481726461815701
TRINITY_DN5510_c3_g1_i2	63.3630898010065	9.63761900441845	2.39060978886738	4.03144798005055	5.54342670897822e-05	0.0142178629480275
TRINITY_DN5066_c0_g1_i13	65.4402176331207	9.00925085846388	2.65208770762404	3.39704106789708	0.000681187430297868	0.0457982811146867
TRINITY_DN5463_c0_g1_i4	56.4319934243806	8.1654281327817	2.45075498819141	3.33180108665517	0.00086285905862195	0.0481878950077178
TRINITY_DN1125_c0_g1_i25	53.3497915921509	9.02431941736207	2.42388617371497	3.72307887854772	0.000196808001960681	0.0283936544495358
TRINITY_DN699_c0_g1_i16	569.368837800508	27.6586636885024	3.00380562188393	9.20787400056714	3.32647855287441e-20	1.15179319893276e-16
TRINITY_DN3645_c0_g1_i1	307.777157613026	-9.66750041633839	2.08229479752215	-4.64271458001161	3.43861217424841e-06	0.00297654866333378
TRINITY_DN1777_c0_g1_i6	24.5395599480765	8.5245602078213	2.55620040449849	3.3348559810958	0.000853435871757659	0.0481726461815701
TRINITY_DN158_c0_g1_i20	69.8373177598183	8.91622217033721	2.69196528818405	3.31216089950102	0.000925782840720536	0.0493141063455734
TRINITY_DN991_c0_g1_i12	33.5354906919122	8.19501531061812	2.3615565576747	3.4701753315988	0.000520118723994132	0.0395804633369161
TRINITY_DN2269_c0_g1_i16	102.313767724274	9.94836610277024	2.24961564417276	4.42225147595313	9.7677673060988e-06	0.00549513603623555
TRINITY_DN8127_c0_g1_i10	77.6444573355927	9.09075110928218	2.26747036165843	4.00920394065623	6.09237835469671e-05	0.0144738967602764
TRINITY_DN2472_c0_g1_i3	82.920255985526	9.24134611600753	2.5278988216977	3.65574208773165	0.000256439076817361	0.0328859371659301
TRINITY_DN6703_c0_g2_i1	73.6046297278861	8.88096853265789	2.44821316566084	3.62753074659684	0.000286144708780202	0.0347640720754894
TRINITY_DN668_c0_g1_i13	394.698264215112	11.8281849234669	2.26572874519641	5.22047705337364	1.78462819565835e-07	0.00041195167516447
TRINITY_DN6421_c0_g1_i1	45.1255004274735	9.30776252197146	2.64635578039974	3.51719998909802	0.000436125053922574	0.0385713180118187
TRINITY_DN198_c0_g1_i4	23.4020648332343	8.37420788826427	2.3862046772063	3.50942564494029	0.000449075602123318	0.0385713180118187
TRINITY_DN3150_c0_g1_i3	107.218366612171	10.300064323883	2.68547688867256	3.83546936014569	0.000125324730140394	0.0224026300900752
TRINITY_DN3127_c0_g2_i2	101.936264171455	10.0027215594364	2.92694239058187	3.41746444741193	0.000632073489264518	0.0437710891315679
TRINITY_DN2579_c0_g1_i4	47.7021692726646	8.74425566838271	2.63787676340319	3.31488407256051	0.000916811374297695	0.0493141063455734
TRINITY_DN9_c0_g2_i1	36.2282844565364	-7.03761952464341	2.12446207227474	-3.31265952755183	0.000924134056025649	0.0493141063455734
TRINITY_DN10961_c1_g2_i3	61.9662135843519	8.73763641995521	2.46257296898548	3.54817360947273	0.000387912442804765	0.0378351220622958
TRINITY_DN5950_c0_g1_i4	64.425766420657	8.28530626371333	2.35740519726267	3.51458725607881	0.000440437951554033	0.0385713180118187
TRINITY_DN8225_c0_g1_i10	55.9760306596258	8.77217216247179	2.62295254682826	3.34438843473524	0.000824641893687993	0.0481726461815701
TRINITY_DN5510_c0_g1_i13	473.390387302421	10.7163729287159	2.29176246178165	4.6760399942954	2.92467591721846e-06	0.00289334010381969
TRINITY_DN4155_c0_g2_i1	209.71761336612	-10.0496703124612	2.38883470890462	-4.20693414868766	2.58858530564193e-05	0.00943471223240546
TRINITY_DN3127_c0_g2_i8	32.1909686645116	7.24109860180163	2.1087697722392	3.43380235108011	0.000595178010774525	0.0420572216797305
TRINITY_DN1503_c0_g1_i9	15.7702311515402	7.36286527957192	2.06575164520547	3.5642548302749	0.000364891328464956	0.0376088994524825
TRINITY_DN7663_c0_g1_i6	31.4866555157397	8.59453974039064	2.58720556750487	3.32193925691003	0.000893941525020351	0.0491313100060788
TRINITY_DN6159_c0_g1_i4	73.2853502043574	8.12392424380352	2.33973594973123	3.47215430217104	0.000516299489788417	0.0395804633369161
TRINITY_DN297_c1_g1_i9	57.4919730242048	9.69885478010456	2.59368710063727	3.73940818756493	0.000184454001557199	0.0277683469735565
TRINITY_DN9658_c0_g1_i1	64.7578654700148	8.14652414706594	2.42210765748585	3.3634029940362	0.000769878879391498	0.0473602100192843
TRINITY_DN11371_c0_g1_i2	64.8843497917158	9.09004812270406	2.42913697310566	3.74208956651892	0.000182496443249052	0.0277683469735565
TRINITY_DN1084_c0_g1_i1	158.785105885972	-9.09435253109998	2.22391312880964	-4.08934702227679	4.3258925649785e-05	0.0119827224049904
TRINITY_DN6921_c0_g1_i3	59.7186256718688	9.33916911763616	2.62219195032705	3.56158866114715	0.000368617585915673	0.0376088994524825
TRINITY_DN1828_c0_g1_i11	46.7656627621594	9.13372432642842	2.32655179185841	3.92586331341996	8.64192219926363e-05	0.0176015621264414
TRINITY_DN10966_c0_g1_i2	53.0296612741997	8.98351462136166	2.61260733824107	3.43852460714964	0.000584893377084662	0.0417565632609411
TRINITY_DN344_c0_g1_i14	277.481231300146	8.85610289638639	2.37628917287674	3.72686245321953	0.000193878191831857	0.0283936544495358
TRINITY_DN1622_c0_g1_i3	91.8641548816078	-7.63356422123005	2.20758173174758	-3.4578852105227	0.000544433301487905	0.040980441443519
TRINITY_DN156_c0_g1_i19	67.4778528255587	7.22265530434746	2.05984381490312	3.50640920058648	0.000454196371319975	0.0385713180118187
TRINITY_DN3731_c2_g1_i1	38.8770820187947	8.54590061185558	2.55752825950068	3.34146869349706	0.000833364140297916	0.0481726461815701
TRINITY_DN268_c0_g1_i1	263.149284654213	-8.5838594137004	1.73938729384073	-4.93499029462637	8.01547455640612e-07	0.00111014322606225
TRINITY_DN3978_c0_g1_i1	430.772245130691	11.5803755694612	2.78068903769827	4.16457051200768	3.11939212620927e-05	0.00973011011847344
TRINITY_DN5972_c0_g1_i2	37.5603392117494	8.23201692517656	2.40544375301934	3.42224461280528	0.000621064118997029	0.0434431214550952
TRINITY_DN11701_c0_g1_i1	24.2742988623092	7.82955494071406	2.35248322511075	3.32820861680978	0.000874063868510746	0.0484231383154953
TRINITY_DN699_c0_g1_i17	83.2424531824697	9.74375333766799	2.62816337354726	3.7074382193055	0.000209366471044403	0.0295890369792346
TRINITY_DN4249_c0_g1_i6	55.9564400532296	6.77425215538294	1.92067027501695	3.52702504094471	0.0004202570150886	0.0385713180118187
TRINITY_DN3603_c1_g1_i7	46.658106255234	8.43798607333239	2.42630405669271	3.47771172786736	0.000505713478434673	0.0395804633369161
TRINITY_DN7374_c0_g1_i7	51.226293033017	8.16276763667194	2.47681390118239	3.29567257062598	0.000981863788318733	0.0496307060883739
TRINITY_DN508_c0_g2_i5	1989.20465854352	-8.16907014271426	1.86176302668084	-4.38781414478839	1.1449554923443e-05	0.00557791878841799
TRINITY_DN3043_c0_g2_i2	87.0628664192971	9.29256637785198	2.2218968141765	4.18226729457555	2.886163661869e-05	0.00954913110539085
TRINITY_DN4018_c1_g1_i1	479.150431172187	-9.07525939773812	1.99743626920236	-4.54345379508011	5.53399397982828e-06	0.00364455946642096
